3 1898
4 1698 1697 7083 1696 403 1694 1692 1693 402 1695
7 4066
8 9 6350 8398 2088 493 1977 3251 8397
9 8 6350 8398 2088 493 1977 3251 8397
10 2231 3354 2230 2227 2228
11 6759 1793 6703
12 14 13 7313 3961 1860 105
13 14 12 7313 3961 1860 105
14 13 12 7313 3961 1860 105
15 2795 6704
16 3338 1186
21 5301 6730 6308 7971 5131
24 3734 1651 203
25 26
26 25
27 496
28 1056 4950 30 29 5981
29 1056 4950 30 28 5981
30 1056 4950 29 28 5981
31 8301 8302 624 3660 1467 623 5090 4389 1466 464 3095 7161
32 197 6678 6677 4090
33 1405 1193 6318 8215 1438
34 6239 1505 1934 3023
40 41 2099
41 40 2099
46 3617
52 3463 941 6629 5904 942 3458 6722 6721 8371 5298 2689 2688 8101
54 5937 6225 6471 2124 55 3649 126 125 2014
55 5937 6225 6471 2124 3649 126 54 125 2014
63 3996
68 1783
69 2199 2198 1502 2194 7228
76 77
77 76
78 6734 897 6079
79 326 7029 7028 7030 3731 2822 1622 4178 4630 1904 8077
82 5065
83 5854 5172 3742 3739
84 85 86 2368 6918 6917
85 84 86 2368 6918 6917
86 85 84 2368 6918 6917
87 7990 3266 7687 4903
88 456
91 3806 1596 4030 1809 5795
102 764 103
103 102 764
104 5060
105 14 13 12 7313 3961 1860
106 4737
113 2557 116 2489 115 671 594 114 2556 2490 4961
114 113 2557 116 2489 115 671 594 2556 2490 4961
115 113 2557 116 2489 671 594 114 2556 2490 4961
116 113 2557 2489 115 671 594 114 2556 2490 4961
117 3262 5491 5321 5320 7164 920 3360
118 873 7430 5487 3178 6780 5401 1939 7224 5493
119 318 3298 4548
120 7975 4170 5768 316
121 1549 2725
122 6430 6627 4761 6626 4706 2320
123 2940 2907 3050
125 5937 6225 6471 2124 55 3649 126 54 2014
126 5937 6225 6471 2124 55 3649 54 125 2014
127 6074 8279 3998 8278
133 3089 134
134 133 3089
137 853 8238 6055 854 138 5280
138 853 8238 6055 854 137 5280
139 6254 4054 1980 4053 893 3140
140 7239 7988 2783 7989
144 2356 3392 2473 2357 2471 2472 2260 145 2474 5906 2353 1873 7372 283 2355 7635 2354
145 2356 3392 2473 2357 2471 2472 2260 144 2474 5906 2353 1873 7372 283 2355 7635 2354
146 6256
147 4254 148
148 4254 147
150 7822 4543 5424 3583
154 7745 8203 7220
155 173 4590 6050
156 3386 2413 1805 4624 3107 157 3794 954 956
157 3386 2413 1805 4624 156 3107 3794 954 956
158 2593 2699 7747 6846 2878 6845 2614
159 2794
162 163 2310 2308 2309 898 2307 1291
163 2310 2308 2309 162 898 2307 1291
164 3769 1313
165 5178 1850
166 1092 7759
167 653 1420 1503
168 4690
173 4590 6050 155
174 7838 6529
176 2366 177 2372 2363 3054 2365 2364
177 176 2366 2372 2363 3054 2365 2364
179 7673 992 3842 3090 4960 5119
183 2464 5524 184 6726
184 2464 5524 6726 183
185 5685
187 4935 6605 1325 1326 188 3257
188 4935 6605 187 1325 1326 3257
190 3437 4120
192 2778 8357 955 5127
196 5523 3822 6531 7154 5414
197 32 6678 6677 4090
198 725
199 7558 7557
200 1393 5429 852 1547 7403
201 3889 5425
202 919 918 917 1641 4403 2603 1642 2079
203 24 3734 1651
204 6289
207 3370 5282 5285
215 6707 6321 5081
220 6178 221
221 6178 220
229 2862 2871 230 7218 1179 1521
230 2862 2871 7218 1179 1521 229
244 4861 245 6534
245 4861 244 6534
249 250
250 249
252 2280 4741 1632 4852
255 1286 2103 1287 5792 2101 2123 2113 2109 2105 4420 7427 2117 2111 1616 2107
261 2755 262
262 261 2755
265 3477
266 6990
269 2326 2412 2325 5259 2411
271 362 842 4222 4055 4217
276 3470 851 3087 6447 7562
283 2356 3392 2473 2357 2471 2472 2260 144 145 2474 5906 2353 1873 7372 2355 7635 2354
285 1613 3384 3718 5367 1612 7563
287 670 5959 2465 5155 2446 605 5154 1244 3608 4757 5156 4955 1887 1889 7637
289 1328
290 1431
292 2939 4716
294 4573 6540
295 2130 4287 296 2129
296 295 2130 4287 2129
303 6800 7431 6799 304 6798 7595 7157
304 6800 7431 6799 6798 303 7595 7157
305 5773 1060 1200 7948 580 6018 5951
309 903 3859 583 2203
310 8289 4855 3269 3270
313 6387
315 7205 1901
316 7975 4170 5768 120
318 3298 119 4548
319 2685 2684 4144 2681 1078 2680 2679
323 324 7022 8206 7579
324 323 7022 8206 7579
326 7029 7028 7030 79 3731 2822 1622 4178 4630 1904 8077
332 333
333 332
337 3446 3443 3442 338
338 3446 3443 337 3442
346 3321
349 351 906 350 352 5909
350 349 351 906 352 5909
351 349 906 350 352 5909
352 349 351 906 350 5909
360 5281
362 842 4222 271 4055 4217
367 1086 1550
374 6094 5637 7070
375 612 1327 4523
376 2905 611 4263
391 394 393 392 3934
392 394 393 3934 391
393 394 392 3934 391
394 393 392 3934 391
402 1698 1697 7083 1696 403 1694 1692 1693 4 1695
403 1698 1697 7083 1696 1694 1692 1693 4 402 1695
406 6518
410 5559 416 617 412 417 413
412 5559 416 410 617 417 413
413 5559 416 410 617 412 417
416 5559 410 617 412 417 413
417 5559 416 410 617 412 413
419 6598 420 5340
420 6598 419 5340
425 1682 1681 5830 1680
426 2285 427
427 426 2285
428 1116 3314 6252 2438 5100 8071
429 3633 973 7380 5734 7233 4744 4267 6255 953 5427 5099
432 7499 3503 7500
443 1552 2482
449 7508
450 451
451 450
452 6651
456 88
457 1372 5912
458 459
459 458
460 6526 6524
462 5200
463 2582
464 31 8301 8302 624 3660 1467 623 5090 4389 1466 3095 7161
474 2145 2142 827 2141 2137 478 2136 2522 2140 2139 2138 2135
475 6106 4927 7023 1567
476 3291 6660
477 2217 1861 7133 2697 6718 3240 2870 7542 2696 8210 5737
478 2145 2142 827 2141 2137 474 2136 2522 2140 2139 2138 2135
479 3921 2992 3475 2592 6717 6523 3474
482 5048 5049 1976 483
483 482 5048 5049 1976
490 3069 3068
491 4225 4233 7092 1176 1257 2864
493 9 8 6350 8398 2088 1977 3251 8397
496 27
497 1139 1727 1846
500 2610 2701 1987 1083
501 1268 2267 2554 5960 3586 2266 1644 2553 2549 2550 1289 4522 2548 4175
502 5993 5170 1926 1929 6635
504 3933 3932 2519
505 3036 3037 3799 2651 3035
506 4293 3148 5083
513 7513
514 3543
515 2495 2496
516 5624 1063 3538
528 5597 1267 1663 1662 1661 1625 3029
530 7490 1638 926
531 3606 1756 5674
532 2460
534 4666 2240
535 1764
536 1927
537 7320 6772
539 4309
540 3390 2042
541 2041
545 1537
546 1536
548 549
549 548
550 7125 7123
555 709
556 2611
562 4975 3371
564 7308 7056
565 4515 3621 3531
566 7443
573 574 5004
574 573 5004
575 6664 7055
578 5776 6665
580 5773 1060 1200 7948 305 6018 5951
581 4890 4885 1513
582 5076
583 903 3859 2203 309
584 4815 5601
585 4779 8138 745 4610 7963
586 3465 6005 5174
587 6587
589 4305 4760 7002
590 6803 2898
593 7316
594 113 2557 116 2489 115 671 114 2556 2490 4961
595 1172 7025 1690 4771 596 1688 4768 895
596 1172 7025 1690 4771 595 1688 4768 895
597 2555 7860 6398 4976 6118
598 2361
600 2830
605 670 5959 2465 287 5155 2446 5154 1244 3608 4757 5156 4955 1887 1889 7637
611 2905 376 4263
612 1327 375 4523
613 8088 5349 4006 5703 2463
614 2876 3960 2877
615 7800 4963
617 5559 416 410 412 417 413
619 4867 3006 2999 6366
620 3712
623 31 8301 8302 624 3660 1467 5090 4389 1466 464 3095 7161
624 31 8301 8302 3660 1467 623 5090 4389 1466 464 3095 7161
634 2344
636 5518 802 801 800 799 797 798 4850
637 4769 3515 3823
638 7063
639 640 643
640 639 643
642 6091 2009 1039 1040 6257 2007 2008
643 640 639
644 1763 1175
646 3486 1489
647 7712 1488
650 1679 1678 2530 881 1677 5796
651 1081 6203
652 3342 4847
653 167 1420 1503
659 3953 3954 661 660
660 3953 3954 661 659
661 3953 3954 659 660
667 5177 4538 5175 5176
670 5959 2465 287 5155 2446 605 5154 1244 3608 4757 5156 4955 1887 1889 7637
671 113 2557 116 2489 115 594 114 2556 2490 4961
672 673
673 672
676 4036
680 681
681 680
682 2018 2998
686 706 705
690 786 785
691 1975
695 7297 3160 3161 3167 3164 3163 5791 697 1500 7289 3162 7288 696 7290
696 7297 3160 3161 3167 3164 3163 5791 695 697 1500 7289 3162 7288 7290
697 7297 3160 3161 3167 3164 3163 5791 695 1500 7289 3162 7288 696 7290
700 3130 4985 1240 8401 5772
705 686 706
706 686 705
707 4831
709 555
714 6301
718 7201
722 4281 4279 7718
723 7679
725 198
726 8123 4707
727 5827 7396 6578 3457
732 6654 1384 1385 1077
738 1204 1947 1208 6706 7502 7501
739 743
740 744
743 739
744 740
745 4779 8138 4610 585 7963
746 7540
747 7526 8173 8156
750 5227 5639
755 3277 756 758 757
756 3277 758 755 757
757 3277 756 758 755
758 3277 756 755 757
759 4352 8155
761 2261 2329 2328 1631
764 102 103
765 6285 5294 5794 6555 6732
766 2348
768 5421 3138 3137 3139 3134 990
776 4300 3225 777 1749 6287 4818
777 4300 3225 776 1749 6287 4818
778 7293 3062 2338 3067 779 7270 6789 1630 2339 3063 7281 5458 2737 1714 2337
779 7293 3062 2338 3067 7270 6789 1630 2339 3063 7281 5458 778 2737 1714 2337
784 1531 2641
785 786 690
786 785 690
787 4544
788 1018 2346 2347 789 1220 1221 8207
789 1018 2346 2347 1220 1221 788 8207
791 1174 3448 3445
792 3937 847 3943 4746 2740
793 2003 7901 1876 3285 1875 7214
794 8028 7213
797 5518 802 801 800 636 799 798 4850
798 5518 802 801 800 636 799 797 4850
799 5518 802 801 800 636 797 798 4850
800 5518 802 801 636 799 797 798 4850
801 5518 802 800 636 799 797 798 4850
802 5518 801 800 636 799 797 798 4850
804 4080 4140 805
805 4080 804 4140
816 6364
818 7155 6117
821 3513
822 5087
827 2145 2142 2141 2137 478 474 2136 2522 2140 2139 2138 2135
832 4011 3857 3855 3856 3852 3851 3849 3854
837 1967 1849 1848 4150 7227 1189
838 7067 6034 6033 4751
839 3357 8298 1514
840 4531
842 362 4222 271 4055 4217
843 4231
844 2660 2659
847 3937 792 3943 4746 2740
848 4974 1299 6670 4569 3468 5450
849 4248 3967 850 8250
850 4248 849 3967 8250
851 3470 3087 6447 276 7562
852 1393 200 5429 1547 7403
853 8238 6055 854 137 138 5280
854 853 8238 6055 137 138 5280
870 871 5339 8375 5341 7908
871 5339 870 8375 5341 7908
873 7430 5487 3178 6780 5401 1939 7224 118 5493
879 6777 1115 6776 1112 1111 2288 6775
881 1679 1678 2530 650 1677 5796
882 4876
892 4204
893 6254 4054 1980 4053 139 3140
894 1263 1265 1319 1264
895 1172 7025 1690 4771 595 596 1688 4768
897 6734 6079 78
898 163 2310 2308 2309 162 2307 1291
902 8086 8087
903 3859 583 2203 309
905 4525
906 349 351 350 352 5909
915 1664
917 919 202 918 1641 4403 2603 1642 2079
918 919 202 917 1641 4403 2603 1642 2079
919 202 918 917 1641 4403 2603 1642 2079
920 3262 5491 5321 5320 7164 117 3360
926 7490 1638 530
929 5197
931 2302 2206 7710
933 7910
934 2631
941 52 3463 6629 5904 942 3458 6722 6721 8371 5298 2689 2688 8101
942 52 3463 941 6629 5904 3458 6722 6721 8371 5298 2689 2688 8101
948 949
949 948
950 5198
952 3075 6921 5671 1408 3397
953 3633 973 7380 5734 7233 4744 429 4267 6255 5427 5099
954 3386 2413 1805 4624 156 3107 157 3794 956
955 2778 192 8357 5127
956 3386 2413 1805 4624 156 3107 157 3794 954
958 3469 7961 3900
964 3324
971 3619 6077
972 2456 8340 2454 2296 2461 1485 7976
973 3633 7380 5734 7233 4744 429 4267 6255 953 5427 5099
990 768 5421 3138 3137 3139 3134
991 6636
992 7673 3842 3090 4960 179 5119
993 994 3599 3843
994 993 3599 3843
1001 2120
1007 2185
1009 1589 1588
1016 5964
1018 2346 2347 789 1220 1221 788 8207
1021 2973
1033 4076 1034 2029 4075
1034 4076 1033 2029 4075
1039 6091 2009 1040 6257 2007 2008 642
1040 6091 2009 1039 6257 2007 2008 642
1042 4374 5585 7424 2499
1045 2157 2150 6201 7217 2153 2152 2149 2156 2155 2154 2151
1049 1958
1050 3775 3773
1051 4663 5952
1052 2500
1053 2501
1056 4950 30 29 28 5981
1057 1058 2674
1058 2674 1057
1059 5764 8233 5835
1060 5773 1200 7948 305 580 6018 5951
1061 5890
1063 5624 516 3538
1065 3040 5973 8178 5950 2233 8179 8180
1067 6213 5913 6638 8276 3924
1076 8341 2179 1103 1102
1077 732 6654 1384 1385
1078 2685 319 2684 4144 2681 2680 2679
1079 6214
1080 8143 1674 8066
1081 6203 651
1082 7580 7578 7583
1083 2610 500 2701 1987
1085 4930 6095 4931 5128
1086 367 1550
1087 1534 1538 1535 1533 2888 2889
1088 1152 6385
1090 7498
1091 6221
1092 166 7759
1095 1099
1099 1095
1100 1177 6105 6104 2028
1102 8341 2179 1076 1103
1103 8341 2179 1076 1102
1104 1106
1106 1104
1107 3673 5663
1111 6777 1115 6776 1112 2288 6775 879
1112 6777 1115 6776 1111 2288 6775 879
1113 4198 4969 2386 6752 4147 3928 4146
1114 2566 2568 2565 6438 2563 1293 2564 2559 2567 1269 2561
1115 6777 6776 1112 1111 2288 6775 879
1116 3314 6252 2438 5100 8071 428
1124 4480
1126 5385 5988 5578 5579 1127 6291 5577 3747 7191
1127 5385 5988 5578 5579 6291 1126 5577 3747 7191
1128 1129 3618 2825
1129 1128 3618 2825
1130 2534
1131 2535
1132 6288 1149 3109 1134 1715
1134 6288 1149 3109 1715 1132
1138 6121
1139 497 1727 1846
1148 6773
1149 6288 3109 1134 1715 1132
1152 6385 1088
1157 5842
1162 4877 5716
1163 4159 5717
1167 1462 7715 6076 4942
1169 1691 3716 3717 1170
1170 1691 3716 3717 1169
1172 7025 1690 4771 595 596 1688 4768 895
1174 3448 791 3445
1175 1763 644
1176 4225 4233 7092 491 1257 2864
1177 6105 6104 1100 2028
1178 7918 1970 7215
1179 2862 2871 230 7218 1521 229
1181 1448 4778
1185 7700 7541
1186 3338 16
1187 6413 7033 4041 7032
1189 1967 1849 1848 837 4150 7227
1192 6860 6317 5173
1193 1405 33 6318 8215 1438
1195 1626
1199 1635 3346 1526
1200 5773 1060 7948 305 580 6018 5951
1204 1947 1208 6706 738 7502 7501
1205 1675 1676 1671 1670 1206
1206 1675 1205 1676 1671 1670
1207 8280 4747 4534 6922
1208 1204 1947 6706 738 7502 7501
1211 7781 5129
1213 2580 3052 2579 6615 5258
1214 1653 2581 1650
1217 2916 4056 8382 6666
1218 7601
1219 6399
1220 1018 2346 2347 789 1221 788 8207
1221 1018 2346 2347 789 1220 788 8207
1229 1230
1230 1229
1240 3130 4985 700 8401 5772
1244 670 5959 2465 287 5155 2446 605 5154 3608 4757 5156 4955 1887 1889 7637
1245 1669 1668 1665 1508 3559 3558
1246 8025 1249
1247 2604 1248 6234
1248 1247 2604 6234
1249 1246 8025
1253 6962
1256 7093
1257 4225 4233 7092 491 1176 2864
1258 5843
1259 5184
1263 1265 1319 1264 894
1264 1263 1265 1319 894
1265 1263 1319 1264 894
1267 5597 528 1663 1662 1661 1625 3029
1268 2267 2554 5960 3586 2266 1644 2553 2549 2550 501 1289 4522 2548 4175
1269 2566 2568 2565 6438 2563 1293 1114 2564 2559 2567 2561
1274 1279 1639 1640
1276 4965
1279 1274 1639 1640
1286 2103 1287 5792 255 2101 2123 2113 2109 2105 4420 7427 2117 2111 1616 2107
1287 1286 2103 5792 255 2101 2123 2113 2109 2105 4420 7427 2117 2111 1616 2107
1289 1268 2267 2554 5960 3586 2266 1644 2553 2549 2550 501 4522 2548 4175
1290 6488 6558 6326 5092 6494 2026
1291 163 2310 2308 2309 162 898 2307
1292 8297 8209 7229
1293 2566 2568 2565 6438 2563 1114 2564 2559 2567 1269 2561
1294 6345
1297 4152
1299 4974 6670 848 4569 3468 5450
1302 1303
1303 1302
1304 4379 3526
1307 2729
1313 3769 164
1319 1263 1265 1264 894
1320 2923
1321 2997
1322 7043 3787 6056 2016 2262
1323 1324
1324 1323
1325 4935 6605 187 1326 188 3257
1326 4935 6605 187 1325 188 3257
1327 612 375 4523
1328 289
1331 1332
1332 1331
1336 2023
1337 1343
1338 1345
1339 6241 1348 1340
1340 6241 1348 1339
1343 1337
1344 2067 6240
1345 1338
1347 3580
1348 6241 1339 1340
1349 1351
1350 1352
1351 1349
1352 1350
1360 2268 6450 7906 5807 7905 2269
1363 7672 6029 6507
1365 1723
1366 1721
1367 4349
1370 3124 4035 3135 6352
1371 6386
1372 457 5912
1374 5138 5137 3991 5136
1375 7388 2286
1382 2831 1835 1836 5940
1384 732 6654 1385 1077
1385 732 6654 1384 1077
1393 200 5429 852 1547 7403
1394 4121 3154 1988
1395 6754 8237 2845 8236 2851 2850 2848 2846
1398 2562
1402 2166 2165 2159 6114 2164 2160 2167 2163 2162 2161 2158
1403 5118 2773 5117
1404 4765
1405 1193 33 6318 8215 1438
1408 952 3075 6921 5671 3397
1410 7258 5614 7273 7280 5679 6788 1524 7264 2805 2785 1713
1411 5159 3701
1418 2955
1420 653 167 1503
1422 4546 7131
1428 4620
1431 290
1432 1434 7003 5068 7538
1433 8266 1530 1435
1434 1432 7003 5068 7538
1435 1433 8266 1530
1438 1405 1193 33 6318 8215
1440 8168 5459 1441 1446 1442 6910 4009 5467
1441 8168 5459 1446 1440 1442 6910 4009 5467
1442 8168 5459 1441 1446 1440 6910 4009 5467
1446 8168 5459 1441 1440 1442 6910 4009 5467
1448 4778 1181
1451 6586 6616 4354
1462 1167 7715 6076 4942
1463 6755 2457
1464 4201
1465 3601 1804
1466 31 8301 8302 624 3660 1467 623 5090 4389 464 3095 7161
1467 31 8301 8302 624 3660 623 5090 4389 1466 464 3095 7161
1473 5080 6320 1483
1478 2001
1481 1482
1482 1481
1483 5080 1473 6320
1485 2456 8340 2454 2296 2461 972 7976
1488 647 7712
1489 3486 646
1490 8097
1491 7328
1492 2022 1493
1493 2022 1492
1499 6242 3890
1500 7297 3160 3161 3167 3164 3163 5791 695 697 7289 3162 7288 696 7290
1501 1504
1502 2199 69 2198 2194 7228
1503 653 167 1420
1504 1501
1505 6239 34 1934 3023
1506 1903
1507 5266 2886 3070 5267 3780
1508 1669 1668 1665 1245 3559 3558
1509 1964 4984 6984
1512 2782 2483 4884 4889 7337
1513 581 4890 4885
1514 3357 839 8298
1515 6939 3290 7652
1516 7604
1521 2862 2871 230 7218 1179 229
1522 5056
1523 2480 2238 2479 2478 2481
1524 7258 5614 7273 1410 7280 5679 6788 7264 2805 2785 1713
1526 1635 1199 3346
1527 1799 2272 2271 4486 1743
1529 6127 6078 3440
1530 1433 8266 1435
1531 784 2641
1532 6292 5085 5086
1533 1534 1538 1535 1087 2888 2889
1534 1538 1535 1087 1533 2888 2889
1535 1534 1538 1087 1533 2888 2889
1536 546
1537 545
1538 1534 1535 1087 1533 2888 2889
1543 3462
1547 1393 200 5429 852 7403
1548 4545 2466 3322
1549 121 2725
1550 367 1086
1552 2482 443
1553 7591
1567 6106 4927 475 7023
1571 2901
1588 1009 1589
1589 1009 1588
1590 3340
1593 1597 3064
1595 6577
1596 3806 91 4030 1809 5795
1597 3064 1593
1606 5949
1610 8149 3155 3156
1612 1613 3384 3718 5367 285 7563
1613 3384 3718 5367 1612 285 7563
1614 5826 3817 7545 7643 5158
1615 1750 8411 7632 3293
1616 1286 2103 1287 5792 255 2101 2123 2113 2109 2105 4420 7427 2117 2111 2107
1617 5269 3952 5793 4421 5270 4939 4754 2836 3951
1622 326 7029 7028 7030 79 3731 2822 4178 4630 1904 8077
1623 5498 5486 7482
1625 5597 1267 528 1663 1662 1661 3029
1626 1195
1629 3907
1630 7293 3062 2338 3067 779 7270 6789 2339 3063 7281 5458 778 2737 1714 2337
1631 761 2261 2329 2328
1632 252 2280 4741 4852
1635 1199 3346 1526
1637 1775 1776 4348 1699 8284
1638 7490 530 926
1639 1274 1279 1640
1640 1274 1279 1639
1641 919 202 918 917 4403 2603 1642 2079
1642 919 202 918 917 1641 4403 2603 2079
1644 1268 2267 2554 5960 3586 2266 2553 2549 2550 501 1289 4522 2548 4175
1648 6809 3634 8072 1649 2089
1649 6809 1648 3634 8072 2089
1650 1653 2581 1214
1651 24 3734 203
1652 7254 4118
1653 2581 1214 1650
1660 7789 7772
1661 5597 1267 528 1663 1662 1625 3029
1662 5597 1267 528 1663 1661 1625 3029
1663 5597 1267 528 1662 1661 1625 3029
1664 915
1665 1669 1668 1508 1245 3559 3558
1666 7484 6156
1667 5845 2091 4501 6163
1668 1669 1665 1508 1245 3559 3558
1669 1668 1665 1508 1245 3559 3558
1670 1675 1205 1676 1671 1206
1671 1675 1205 1676 1670 1206
1672 7447 3207 2928 6223 2929 3635 7666
1673 2254 2253 1800 2252 5765 4143 2251 3972
1674 8143 8066 1080
1675 1205 1676 1671 1670 1206
1676 1675 1205 1671 1670 1206
1677 1679 1678 2530 881 650 5796
1678 1679 2530 881 650 1677 5796
1679 1678 2530 881 650 1677 5796
1680 1682 425 1681 5830
1681 1682 425 5830 1680
1682 425 1681 5830 1680
1688 1172 7025 1690 4771 595 596 4768 895
1690 1172 7025 4771 595 596 1688 4768 895
1691 3716 3717 1169 1170
1692 1698 1697 7083 1696 403 1694 1693 4 402 1695
1693 1698 1697 7083 1696 403 1694 1692 4 402 1695
1694 1698 1697 7083 1696 403 1692 1693 4 402 1695
1695 1698 1697 7083 1696 403 1694 1692 1693 4 402
1696 1698 1697 7083 403 1694 1692 1693 4 402 1695
1697 1698 7083 1696 403 1694 1692 1693 4 402 1695
1698 1697 7083 1696 403 1694 1692 1693 4 402 1695
1699 1637 1775 1776 4348 8284
1704 1705 5202 5201
1705 1704 5202 5201
1713 7258 5614 7273 1410 7280 5679 6788 1524 7264 2805 2785
1714 7293 3062 2338 3067 779 7270 6789 1630 2339 3063 7281 5458 778 2737 2337
1715 6288 1149 3109 1134 1132
1716 3798
1717 8146
1721 1366
1722 7061
1723 1365
1727 497 1139 1846
1730 3550
1731 4859
1743 1799 2272 2271 4486 1527
1746 3912 2493 3911 2492
1747 7325 6685 1751 6825 5296
1749 4300 3225 777 776 6287 4818
1750 1615 8411 7632 3293
1751 7325 1747 6685 6825 5296
1753 3245 3637 5588
1756 3606 531 5674
1757 5781 8232 5783 3152 5780 1913 5779
1763 644 1175
1764 535
1768 6290 6952
1771 3865
1774 3555 3556 3552 3665 3553 2879 8100 3557
1775 1637 1776 4348 1699 8284
1776 1637 1775 4348 1699 8284
1781 5900 5612 2092 5693 2093
1783 68
1787 7423
1790 4176 5672 2806 5120 3841 5894
1792 2176 2175 2174 2173 2177 2168
1793 6759 6703 11
1794 1795
1795 1794
1799 2272 2271 4486 1527 1743
1800 1673 2254 2253 2252 5765 4143 2251 3972
1801 4131
1802 5109
1804 1465 3601
1805 3386 2413 4624 156 3107 157 3794 954 956
1808 6781 2908
1809 3806 91 1596 4030 5795
1813 5580
1814 1933
1834 5510 7350 3078
1835 2831 1836 5940 1382
1836 2831 1835 5940 1382
1846 497 1139 1727
1847 2767
1848 1967 1849 837 4150 7227 1189
1849 1967 1848 837 4150 7227 1189
1850 5178 165
1857 5961
1858 3511
1860 14 13 12 7313 3961 105
1861 2217 7133 2697 6718 3240 2870 7542 2696 477 8210 5737
1862 5148 3203 5440 5147 5134
1871 2762 2292 2763
1873 2356 3392 2473 2357 2471 2472 2260 144 145 2474 5906 2353 7372 283 2355 7635 2354
1875 2003 7901 1876 3285 7214 793
1876 2003 7901 3285 1875 7214 793
1880 6463 1882
1881 1885
1882 6463 1880
1885 1881
1887 670 5959 2465 287 5155 2446 605 5154 1244 3608 4757 5156 4955 1889 7637
1889 670 5959 2465 287 5155 2446 605 5154 1244 3608 4757 5156 4955 1887 7637
1894 5286
1898 3
1901 7205 315
1902 4269 3995
1903 1506
1904 326 7029 7028 7030 79 3731 2822 1622 4178 4630 8077
1905 6080
1909 7731 4948
1911 1912
1912 1911
1913 1757 5781 8232 5783 3152 5780 5779
1915 2311 3812
1916 3790 6217 3792
1925 2717
1926 502 5993 5170 1929 6635
1927 536
1928 7907
1929 502 5993 5170 1926 6635
1932 4756
1933 1814
1934 6239 34 1505 3023
1936 1937
1937 1936
1939 873 7430 5487 3178 6780 5401 7224 118 5493
1944 3224 2289
1945 2839 2837
1947 1204 1208 6706 738 7502 7501
1954 2049
1955 5652 2379 5651
1958 1049
1959 5360 3058
1964 4984 1509 6984
1967 1849 1848 837 4150 7227 1189
1968 6020 4923 4853
1970 1178 7918 7215
1975 691
1976 482 5048 5049 483
1977 9 8 6350 8398 2088 493 3251 8397
1980 6254 4054 4053 139 893 3140
1987 2610 500 2701 1083
1988 4121 3154 1394
1989 2060
1990 5999 6006 6911 2244 5812 3407 2245 3364 7226 7603 6002 7681 6001 6003
1996 6150 1997 7094
1997 1996 6150 7094
2001 1478
2003 7901 1876 3285 1875 7214 793
2007 6091 2009 1039 1040 6257 2008 642
2008 6091 2009 1039 1040 6257 2007 642
2009 6091 1039 1040 6257 2007 2008 642
2014 5937 6225 6471 2124 55 3649 126 54 125
2016 7043 3787 6056 1322 2262
2017 3021 6374
2018 2998 682
2022 1493 1492
2023 1336
2025 6247
2026 6488 6558 6326 5092 1290 6494
2027 4991 6562
2028 1177 6105 6104 1100
2029 4076 1034 1033 4075
2030 5591
2031 6245
2032 4205 3453 3452 3451
2033 5839 5841 5840 3405
2034 4972 4973
2037 4552
2039 4983 4808 4809 4332
2040 5028
2041 541
2042 3390 540
2045 2858
2047 3112 3111 3110
2048 5561 2946 4738 6812 6811 6810 2719
2049 1954
2050 3875 7514 4037 3876
2057 7132
2060 1989
2067 1344 6240
2071 5631 3505 5640 2602 3723
2078 6025 6023
2079 919 202 918 917 1641 4403 2603 1642
2080 2544 2545 2546
2081 4758 5426 3738 4729
2084 7757
2087 4527 2671 3411
2088 9 8 6350 8398 493 1977 3251 8397
2089 6809 1648 3634 8072 1649
2091 5845 4501 6163 1667
2092 5900 5612 1781 5693 2093
2093 5900 5612 1781 2092 5693
2095 8062 3347 2097
2096 4177 7389 2971
2097 2095 8062 3347
2098 2841 7409
2099 40 41
2100 2112 2108 2102 2125 2835 2104 2116 2110 4755 2106 2119
2101 1286 2103 1287 5792 255 2123 2113 2109 2105 4420 7427 2117 2111 1616 2107
2102 2112 2108 2100 2125 2835 2104 2116 2110 4755 2106 2119
2103 1286 1287 5792 255 2101 2123 2113 2109 2105 4420 7427 2117 2111 1616 2107
2104 2112 2108 2102 2100 2125 2835 2116 2110 4755 2106 2119
2105 1286 2103 1287 5792 255 2101 2123 2113 2109 4420 7427 2117 2111 1616 2107
2106 2112 2108 2102 2100 2125 2835 2104 2116 2110 4755 2119
2107 1286 2103 1287 5792 255 2101 2123 2113 2109 2105 4420 7427 2117 2111 1616
2108 2112 2102 2100 2125 2835 2104 2116 2110 4755 2106 2119
2109 1286 2103 1287 5792 255 2101 2123 2113 2105 4420 7427 2117 2111 1616 2107
2110 2112 2108 2102 2100 2125 2835 2104 2116 4755 2106 2119
2111 1286 2103 1287 5792 255 2101 2123 2113 2109 2105 4420 7427 2117 1616 2107
2112 2108 2102 2100 2125 2835 2104 2116 2110 4755 2106 2119
2113 1286 2103 1287 5792 255 2101 2123 2109 2105 4420 7427 2117 2111 1616 2107
2116 2112 2108 2102 2100 2125 2835 2104 2110 4755 2106 2119
2117 1286 2103 1287 5792 255 2101 2123 2113 2109 2105 4420 7427 2111 1616 2107
2119 2112 2108 2102 2100 2125 2835 2104 2116 2110 4755 2106
2120 1001
2122 5287
2123 1286 2103 1287 5792 255 2101 2113 2109 2105 4420 7427 2117 2111 1616 2107
2124 5937 6225 6471 55 3649 126 54 125 2014
2125 2112 2108 2102 2100 2835 2104 2116 2110 4755 2106 2119
2129 295 2130 4287 296
2130 295 4287 296 2129
2131 2133 2132
2132 2133 2131
2133 2131 2132
2135 2145 2142 827 2141 2137 478 474 2136 2522 2140 2139 2138
2136 2145 2142 827 2141 2137 478 474 2522 2140 2139 2138 2135
2137 2145 2142 827 2141 478 474 2136 2522 2140 2139 2138 2135
2138 2145 2142 827 2141 2137 478 474 2136 2522 2140 2139 2135
2139 2145 2142 827 2141 2137 478 474 2136 2522 2140 2138 2135
2140 2145 2142 827 2141 2137 478 474 2136 2522 2139 2138 2135
2141 2145 2142 827 2137 478 474 2136 2522 2140 2139 2138 2135
2142 2145 827 2141 2137 478 474 2136 2522 2140 2139 2138 2135
2145 2142 827 2141 2137 478 474 2136 2522 2140 2139 2138 2135
2146 2147
2147 2146
2149 2157 1045 2150 6201 7217 2153 2152 2156 2155 2154 2151
2150 2157 1045 6201 7217 2153 2152 2149 2156 2155 2154 2151
2151 2157 1045 2150 6201 7217 2153 2152 2149 2156 2155 2154
2152 2157 1045 2150 6201 7217 2153 2149 2156 2155 2154 2151
2153 2157 1045 2150 6201 7217 2152 2149 2156 2155 2154 2151
2154 2157 1045 2150 6201 7217 2153 2152 2149 2156 2155 2151
2155 2157 1045 2150 6201 7217 2153 2152 2149 2156 2154 2151
2156 2157 1045 2150 6201 7217 2153 2152 2149 2155 2154 2151
2157 1045 2150 6201 7217 2153 2152 2149 2156 2155 2154 2151
2158 2166 2165 2159 6114 2164 2160 2167 1402 2163 2162 2161
2159 2166 2165 6114 2164 2160 2167 1402 2163 2162 2161 2158
2160 2166 2165 2159 6114 2164 2167 1402 2163 2162 2161 2158
2161 2166 2165 2159 6114 2164 2160 2167 1402 2163 2162 2158
2162 2166 2165 2159 6114 2164 2160 2167 1402 2163 2161 2158
2163 2166 2165 2159 6114 2164 2160 2167 1402 2162 2161 2158
2164 2166 2165 2159 6114 2160 2167 1402 2163 2162 2161 2158
2165 2166 2159 6114 2164 2160 2167 1402 2163 2162 2161 2158
2166 2165 2159 6114 2164 2160 2167 1402 2163 2162 2161 2158
2167 2166 2165 2159 6114 2164 2160 1402 2163 2162 2161 2158
2168 2176 2175 2174 2173 2177 1792
2173 2176 2175 2174 2177 1792 2168
2174 2176 2175 2173 2177 1792 2168
2175 2176 2174 2173 2177 1792 2168
2176 2175 2174 2173 2177 1792 2168
2177 2176 2175 2174 2173 1792 2168
2179 8341 1076 1103 1102
2185 1007
2189 2190
2190 2189
2194 2199 69 2198 1502 7228
2198 2199 69 1502 2194 7228
2199 69 2198 1502 2194 7228
2203 903 3859 583 309
2206 2302 7710 931
2207 5767
2210 3159 3157 2213 2211
2211 3159 2210 3157 2213
2213 3159 2210 3157 2211
2217 1861 7133 2697 6718 3240 2870 7542 2696 477 8210 5737
2218 6614
2225 6157 2226 7210 4959
2226 2225 6157 7210 4959
2227 10 2231 3354 2230 2228
2228 10 2231 3354 2230 2227
2230 10 2231 3354 2227 2228
2231 10 3354 2230 2227 2228
2233 3040 5973 8178 5950 8179 1065 8180
2234 4480
2235 6483
2237 5512
2238 2480 1523 2479 2478 2481
2239 5474 5473 5471 6749 4659 5464 5461
2240 4666 534
2244 5999 6006 6911 5812 3407 2245 3364 7226 7603 6002 7681 6001 6003 1990
2245 5999 6006 6911 2244 5812 3407 3364 7226 7603 6002 7681 6001 6003 1990
2250 5626 5655 6246 3537
2251 1673 2254 2253 1800 2252 5765 4143 3972
2252 1673 2254 2253 1800 5765 4143 2251 3972
2253 1673 2254 1800 2252 5765 4143 2251 3972
2254 1673 2253 1800 2252 5765 4143 2251 3972
2260 2356 3392 2473 2357 2471 2472 144 145 2474 5906 2353 1873 7372 283 2355 7635 2354
2261 761 2329 2328 1631
2262 7043 3787 6056 1322 2016
2263 2264 6227
2264 2263 6227
2266 1268 2267 2554 5960 3586 1644 2553 2549 2550 501 1289 4522 2548 4175
2267 1268 2554 5960 3586 2266 1644 2553 2549 2550 501 1289 4522 2548 4175
2268 1360 6450 7906 5807 7905 2269
2269 2268 1360 6450 7906 5807 7905
2270 5157 2736 5097 3827 2820
2271 1799 2272 4486 1527 1743
2272 1799 2271 4486 1527 1743
2273 2278 2277 2276 2279 2275 2274
2274 2278 2277 2276 2279 2275 2273
2275 2278 2277 2276 2279 2274 2273
2276 2278 2277 2279 2275 2274 2273
2277 2278 2276 2279 2275 2274 2273
2278 2277 2276 2279 2275 2274 2273
2279 2278 2277 2276 2275 2274 2273
2280 252 4741 1632 4852
2283 2284 7754 8240 6659 8239 3123 4387
2284 2283 7754 8240 6659 8239 3123 4387
2285 426 427
2286 1375 7388
2288 6777 1115 6776 1112 1111 6775 879
2289 1944 3224
2292 2762 2763 1871
2295 6173
2296 2456 8340 2454 2461 1485 972 7976
2298 2811
2299 5179
2302 2206 7710 931
2304 5439
2307 163 2310 2308 2309 162 898 1291
2308 163 2310 2309 162 898 2307 1291
2309 163 2310 2308 162 898 2307 1291
2310 163 2308 2309 162 898 2307 1291
2311 1915 3812
2315 7539 5135
2320 6430 6627 4761 6626 4706 122
2325 2326 2412 269 5259 2411
2326 2412 269 2325 5259 2411
2328 761 2261 2329 1631
2329 761 2261 2328 1631
2331 7196
2337 7293 3062 2338 3067 779 7270 6789 1630 2339 3063 7281 5458 778 2737 1714
2338 7293 3062 3067 779 7270 6789 1630 2339 3063 7281 5458 778 2737 1714 2337
2339 7293 3062 2338 3067 779 7270 6789 1630 3063 7281 5458 778 2737 1714 2337
2342 2343
2343 2342
2344 634
2346 1018 2347 789 1220 1221 788 8207
2347 1018 2346 789 1220 1221 788 8207
2348 766
2349 2351 2350
2350 2351 2349
2351 2350 2349
2353 2356 3392 2473 2357 2471 2472 2260 144 145 2474 5906 1873 7372 283 2355 7635 2354
2354 2356 3392 2473 2357 2471 2472 2260 144 145 2474 5906 2353 1873 7372 283 2355 7635
2355 2356 3392 2473 2357 2471 2472 2260 144 145 2474 5906 2353 1873 7372 283 7635 2354
2356 3392 2473 2357 2471 2472 2260 144 145 2474 5906 2353 1873 7372 283 2355 7635 2354
2357 2356 3392 2473 2471 2472 2260 144 145 2474 5906 2353 1873 7372 283 2355 7635 2354
2361 598
2362 3750
2363 176 2366 177 2372 3054 2365 2364
2364 176 2366 177 2372 2363 3054 2365
2365 176 2366 177 2372 2363 3054 2364
2366 176 177 2372 2363 3054 2365 2364
2368 85 84 86 6918 6917
2370 4224
2372 176 2366 177 2363 3054 2365 2364
2377 6166 5525
2379 5652 5651 1955
2386 4198 4969 1113 6752 4147 3928 4146
2390 6847
2404 4338 5354 5353 5895 5352
2411 2326 2412 269 2325 5259
2412 2326 269 2325 5259 2411
2413 3386 1805 4624 156 3107 157 3794 954 956
2436 3867 4133
2438 1116 3314 6252 5100 8071 428
2446 670 5959 2465 287 5155 605 5154 1244 3608 4757 5156 4955 1887 1889 7637
2454 2456 8340 2296 2461 1485 972 7976
2456 8340 2454 2296 2461 1485 972 7976
2457 1463 6755
2458 7194 7599 5485
2459 5499 6814 5497 5496 7598 5650
2460 532
2461 2456 8340 2454 2296 1485 972 7976
2463 8088 5349 4006 5703 613
2464 5524 184 6726 183
2465 670 5959 287 5155 2446 605 5154 1244 3608 4757 5156 4955 1887 1889 7637
2466 4545 1548 3322
2471 2356 3392 2473 2357 2472 2260 144 145 2474 5906 2353 1873 7372 283 2355 7635 2354
2472 2356 3392 2473 2357 2471 2260 144 145 2474 5906 2353 1873 7372 283 2355 7635 2354
2473 2356 3392 2357 2471 2472 2260 144 145 2474 5906 2353 1873 7372 283 2355 7635 2354
2474 2356 3392 2473 2357 2471 2472 2260 144 145 5906 2353 1873 7372 283 2355 7635 2354
2478 2480 1523 2238 2479 2481
2479 2480 1523 2238 2478 2481
2480 1523 2238 2479 2478 2481
2481 2480 1523 2238 2479 2478
2482 1552 443
2483 2782 4884 4889 7337 1512
2485 7585
2486 2487
2487 2486
2489 113 2557 116 115 671 594 114 2556 2490 4961
2490 113 2557 116 2489 115 671 594 114 2556 4961
2492 3912 2493 3911 1746
2493 3912 3911 2492 1746
2495 2496 515
2496 2495 515
2499 1042 4374 5585 7424
2500 1052
2501 1053
2514 4622 4477
2515 2516
2516 2515
2519 3933 3932 504
2522 2145 2142 827 2141 2137 478 474 2136 2140 2139 2138 2135
2523 5750
2524 6784
2525 5883 2527
2526 2528 3441
2527 5883 2525
2528 2526 3441
2530 1679 1678 881 650 1677 5796
2531 3715
2532 4697 5694
2533 6276
2534 1130
2535 1131
2538 4937 2539
2539 4937 2538
2542 7034
2544 2545 2546 2080
2545 2544 2546 2080
2546 2544 2545 2080
2548 1268 2267 2554 5960 3586 2266 1644 2553 2549 2550 501 1289 4522 4175
2549 1268 2267 2554 5960 3586 2266 1644 2553 2550 501 1289 4522 2548 4175
2550 1268 2267 2554 5960 3586 2266 1644 2553 2549 501 1289 4522 2548 4175
2553 1268 2267 2554 5960 3586 2266 1644 2549 2550 501 1289 4522 2548 4175
2554 1268 2267 5960 3586 2266 1644 2553 2549 2550 501 1289 4522 2548 4175
2555 597 7860 6398 4976 6118
2556 113 2557 116 2489 115 671 594 114 2490 4961
2557 113 116 2489 115 671 594 114 2556 2490 4961
2559 2566 2568 2565 6438 2563 1293 1114 2564 2567 1269 2561
2561 2566 2568 2565 6438 2563 1293 1114 2564 2559 2567 1269
2562 1398
2563 2566 2568 2565 6438 1293 1114 2564 2559 2567 1269 2561
2564 2566 2568 2565 6438 2563 1293 1114 2559 2567 1269 2561
2565 2566 2568 6438 2563 1293 1114 2564 2559 2567 1269 2561
2566 2568 2565 6438 2563 1293 1114 2564 2559 2567 1269 2561
2567 2566 2568 2565 6438 2563 1293 1114 2564 2559 1269 2561
2568 2566 2565 6438 2563 1293 1114 2564 2559 2567 1269 2561
2569 2571 2575 2574 2572 2573 2570
2570 2571 2575 2574 2572 2573 2569
2571 2575 2574 2572 2573 2570 2569
2572 2571 2575 2574 2573 2570 2569
2573 2571 2575 2574 2572 2570 2569
2574 2571 2575 2572 2573 2570 2569
2575 2571 2574 2572 2573 2570 2569
2579 2580 3052 1213 6615 5258
2580 3052 2579 1213 6615 5258
2581 1653 1214 1650
2582 463
2584 5350 6228
2585 4896 4894
2587 7174
2588 4906
2591 5168
2592 3921 479 2992 3475 6717 6523 3474
2593 2699 7747 6846 2878 6845 2614 158
2595 6093
2596 5400 7101
2602 5631 3505 5640 2071 3723
2603 919 202 918 917 1641 4403 1642 2079
2604 1247 1248 6234
2606 2607 3096
2607 2606 3096
2610 500 2701 1987 1083
2611 556
2614 2593 2699 7747 6846 2878 6845 158
2631 934
2635 4353 8172 3423 8153 5828 2642
2636 4355
2637 6482
2640 8307 6258
2641 1531 784
2642 4353 8172 3423 2635 8153 5828
2645 2646
2646 2645
2651 3036 3037 3799 505 3035
2659 2660 844
2660 844 2659
2671 4527 2087 3411
2674 1058 1057
2676 6557 7522 2677 2678
2677 6557 7522 2676 2678
2678 6557 7522 2676 2677
2679 2685 319 2684 4144 2681 1078 2680
2680 2685 319 2684 4144 2681 1078 2679
2681 2685 319 2684 4144 1078 2680 2679
2684 2685 319 4144 2681 1078 2680 2679
2685 319 2684 4144 2681 1078 2680 2679
2688 52 3463 941 6629 5904 942 3458 6722 6721 8371 5298 2689 8101
2689 52 3463 941 6629 5904 942 3458 6722 6721 8371 5298 2688 8101
2691 2694 2693
2693 2694 2691
2694 2693 2691
2695 5468
2696 2217 1861 7133 2697 6718 3240 2870 7542 477 8210 5737
2697 2217 1861 7133 6718 3240 2870 7542 2696 477 8210 5737
2699 2593 7747 6846 2878 6845 2614 158
2701 2610 500 1987 1083
2715 7158
2716 6936
2717 1925
2719 5561 2048 2946 4738 6812 6811 6810
2721 8060 2722
2722 2721 8060
2725 121 1549
2726 5620 2727 6802 7699
2727 5620 2726 6802 7699
2728 3092
2729 1307
2732 5475 2733
2733 2732 5475
2734 3393
2736 5157 5097 3827 2820 2270
2737 7293 3062 2338 3067 779 7270 6789 1630 2339 3063 7281 5458 778 1714 2337
2738 7189
2740 3937 847 792 3943 4746
2754 5616 7797 7996 7517 7223
2755 261 262
2760 8254
2762 2292 2763 1871
2763 2762 2292 1871
2765 6747 3630
2767 1847
2768 2824
2772 3428
2773 5118 1403 5117
2775 2776
2776 2775
2778 192 8357 955 5127
2781 6197
2782 2483 4884 4889 7337 1512
2783 7239 7988 140 7989
2784 3206 3546 3542
2785 7258 5614 7273 1410 7280 5679 6788 1524 7264 2805 1713
2788 4007 7812 4617 6158
2789 2792 2791 2790
2790 2789 2792 2791
2791 2789 2792 2790
2792 2789 2791 2790
2793 3295 3297 4518 3296
2794 159
2795 15 6704
2796 2797
2797 2796
2801 5923 2802
2802 2801 5923
2805 7258 5614 7273 1410 7280 5679 6788 1524 7264 2785 1713
2806 4176 5672 1790 5120 3841 5894
2811 2298
2820 5157 2736 5097 3827 2270
2821 4895 4078 7642
2822 326 7029 7028 7030 79 3731 1622 4178 4630 1904 8077
2824 2768
2825 1129 1128 3618
2826 6930
2827 4856 5149 7347
2830 600
2831 1835 1836 5940 1382
2835 2112 2108 2102 2100 2125 2104 2116 2110 4755 2106 2119
2836 5269 3952 5793 4421 5270 4939 1617 4754 3951
2837 1945 2839
2839 1945 2837
2841 7409 2098
2845 6754 8237 8236 1395 2851 2850 2848 2846
2846 6754 8237 2845 8236 1395 2851 2850 2848
2848 6754 8237 2845 8236 1395 2851 2850 2846
2850 6754 8237 2845 8236 1395 2851 2848 2846
2851 6754 8237 2845 8236 1395 2850 2848 2846
2855 2856 5181 5180
2856 5181 5180 2855
2858 2045
2861 5861 5860
2862 2871 230 7218 1179 1521 229
2864 4225 4233 7092 491 1176 1257
2870 2217 1861 7133 2697 6718 3240 7542 2696 477 8210 5737
2871 2862 230 7218 1179 1521 229
2876 614 3960 2877
2877 614 2876 3960
2878 2593 2699 7747 6846 6845 2614 158
2879 3555 3556 3552 3665 1774 3553 8100 3557
2886 1507 5266 3070 5267 3780
2888 1534 1538 1535 1087 1533 2889
2889 1534 1538 1535 1087 1533 2888
2890 6122 5929
2891 6205 7466 5163 7467 6207 6206
2892 5263 5264
2898 6803 590
2901 1571
2905 611 376 4263
2906 7187
2907 2940 123 3050
2908 1808 6781
2914 8041 3170 4628 4000 2915 3169
2915 8041 3170 2914 4628 4000 3169
2916 4056 8382 1217 6666
2918 6813
2920 5905
2922 5277
2923 1320
2926 2927 5447
2927 2926 5447
2928 1672 7447 3207 6223 2929 3635 7666
2929 1672 7447 3207 2928 6223 3635 7666
2932 5708
2939 292 4716
2940 123 2907 3050
2943 5746 3306
2946 5561 2048 4738 6812 6811 6810 2719
2950 3340
2951 3340
2953 4052 6716
2955 1418
2956 4049
2959 4065
2967 5104
2971 4177 7389 2096
2973 1021
2987 8158 8166 8165 8164 8161 3525 7405 4068 4639 8167 8159
2992 3921 479 3475 2592 6717 6523 3474
2997 1321
2998 2018 682
2999 4867 619 3006 6366
3000 3011 3015 3007 3009
3001 3017 3010 3019
3002 3008
3005 3020
3006 4867 619 2999 6366
3007 3011 3015 3000 3009
3008 3002
3009 3011 3015 3007 3000
3010 3017 3001 3019
3011 3015 3007 3000 3009
3012 3014
3013 3018
3014 3012
3015 3011 3007 3000 3009
3017 3001 3010 3019
3018 3013
3019 3017 3001 3010
3020 3005
3021 6374 2017
3023 6239 34 1505 1934
3027 3051 3028 3284
3028 3051 3027 3284
3029 5597 1267 528 1663 1662 1661 1625
3035 3036 3037 3799 2651 505
3036 3037 3799 2651 505 3035
3037 3036 3799 2651 505 3035
3040 5973 8178 5950 2233 8179 1065 8180
3050 2940 123 2907
3051 3027 3028 3284
3052 2580 2579 1213 6615 5258
3054 176 2366 177 2372 2363 2365 2364
3056 5800
3057 4111 7519 5729 4112 5689 4110
3058 1959 5360
3061 6491 3654
3062 7293 2338 3067 779 7270 6789 1630 2339 3063 7281 5458 778 2737 1714 2337
3063 7293 3062 2338 3067 779 7270 6789 1630 2339 7281 5458 778 2737 1714 2337
3064 1597 1593
3065 3438 3439
3067 7293 3062 2338 779 7270 6789 1630 2339 3063 7281 5458 778 2737 1714 2337
3068 3069 490
3069 490 3068
3070 1507 5266 2886 5267 3780
3074 6322 4104
3075 952 6921 5671 1408 3397
3078 5510 7350 1834
3087 3470 851 6447 276 7562
3089 133 134
3090 7673 992 3842 4960 179 5119
3092 2728
3094 7129
3095 31 8301 8302 624 3660 1467 623 5090 4389 1466 464 7161
3096 2607 2606
3107 3386 2413 1805 4624 156 157 3794 954 956
3109 6288 1149 1134 1715 1132
3110 3112 2047 3111
3111 3112 2047 3110
3112 2047 3111 3110
3123 2284 2283 7754 8240 6659 8239 4387
3124 4035 3135 6352 1370
3130 4985 700 1240 8401 5772
3134 768 5421 3138 3137 3139 990
3135 3124 4035 6352 1370
3137 768 5421 3138 3139 3134 990
3138 768 5421 3137 3139 3134 990
3139 768 5421 3138 3137 3134 990
3140 6254 4054 1980 4053 139 893
3148 4293 506 5083
3152 1757 5781 8232 5783 5780 1913 5779
3154 4121 1988 1394
3155 8149 3156 1610
3156 8149 3155 1610
3157 3159 2210 2213 2211
3159 2210 3157 2213 2211
3160 7297 3161 3167 3164 3163 5791 695 697 1500 7289 3162 7288 696 7290
3161 7297 3160 3167 3164 3163 5791 695 697 1500 7289 3162 7288 696 7290
3162 7297 3160 3161 3167 3164 3163 5791 695 697 1500 7289 7288 696 7290
3163 7297 3160 3161 3167 3164 5791 695 697 1500 7289 3162 7288 696 7290
3164 7297 3160 3161 3167 3163 5791 695 697 1500 7289 3162 7288 696 7290
3167 7297 3160 3161 3164 3163 5791 695 697 1500 7289 3162 7288 696 7290
3168 4465 4731
3169 8041 3170 2914 4628 4000 2915
3170 8041 2914 4628 4000 2915 3169
3177 5182
3178 873 7430 5487 6780 5401 1939 7224 118 5493
3194 7805
3198 3234
3199 5351
3200 4161
3203 5148 5440 5147 5134 1862
3204 6168 7773 6296 6295 3205 3547
3205 3204 6168 7773 6296 6295 3547
3206 3546 3542 2784
3207 1672 7447 2928 6223 2929 3635 7666
3217 7089
3219 6878
3224 1944 2289
3225 4300 777 776 1749 6287 4818
3232 3648
3234 3198
3237 6983 4275
3240 2217 1861 7133 2697 6718 2870 7542 2696 477 8210 5737
3244 5963 5572
3245 1753 3637 5588
3251 9 8 6350 8398 2088 493 1977 8397
3255 6047 7950
3256 6051 6344
3257 4935 6605 187 1325 1326 188
3259 5970 3763
3262 5491 5321 5320 7164 920 117 3360
3266 7990 87 7687 4903
3269 8289 4855 310 3270
3270 8289 4855 3269 310
3277 756 758 755 757
3278 8036 8330 3279 8329
3279 8036 8330 3278 8329
3284 3051 3027 3028
3285 2003 7901 1876 1875 7214 793
3290 6939 1515 7652
3291 476 6660
3293 1750 1615 8411 7632
3294 5075 5003 6219
3295 3297 4518 2793 3296
3296 3295 3297 4518 2793
3297 3295 4518 2793 3296
3298 318 119 4548
3299 3303 3304 3302 4196 3300 3305 4197 3301
3300 3303 3304 3302 4196 3299 3305 4197 3301
3301 3303 3304 3302 4196 3300 3299 3305 4197
3302 3303 3304 4196 3300 3299 3305 4197 3301
3303 3304 3302 4196 3300 3299 3305 4197 3301
3304 3303 3302 4196 3300 3299 3305 4197 3301
3305 3303 3304 3302 4196 3300 3299 4197 3301
3306 5746 2943
3310 3908 3311
3311 3908 3310
3312 4157 4153
3314 1116 6252 2438 5100 8071 428
3318 8056 3597
3321 346
3322 4545 2466 1548
3324 964
3338 16 1186
3340 2950 3657 3658 1590 2951
3342 652 4847
3346 1635 1199 1526
3347 2095 8062 2097
3349 7567 3351 3382 7739 3352
3351 7567 3382 7739 3352 3349
3352 7567 3351 3382 7739 3349
3354 10 2231 2230 2227 2228
3357 839 8298 1514
3360 3262 5491 5321 5320 7164 920 117
3364 5999 6006 6911 2244 5812 3407 2245 7226 7603 6002 7681 6001 6003 1990
3370 5282 207 5285
3371 562 4975
3382 7567 3351 7739 3352 3349
3384 1613 3718 5367 1612 285 7563
3386 2413 1805 4624 156 3107 157 3794 954 956
3387 5563 4149
3390 540 2042
3392 2356 2473 2357 2471 2472 2260 144 145 2474 5906 2353 1873 7372 283 2355 7635 2354
3393 2734
3394 6647 3395
3395 3394 6647
3397 952 3075 6921 5671 1408
3399 6429 6425
3401 4413 3402
3402 4413 3401
3404 4100
3405 5839 2033 5841 5840
3406 5095
3407 5999 6006 6911 2244 5812 2245 3364 7226 7603 6002 7681 6001 6003 1990
3410 7878
3411 4527 2671 2087
3423 4353 8172 2635 8153 5828 2642
3427 4319
3428 2772
3437 4120 190
3438 3065 3439
3439 3438 3065
3440 1529 6127 6078
3441 2528 2526
3442 3446 3443 337 338
3443 3446 337 3442 338
3445 1174 3448 791
3446 3443 337 3442 338
3448 1174 791 3445
3451 4205 3453 3452 2032
3452 4205 3453 3451 2032
3453 4205 3452 3451 2032
3457 5827 7396 6578 727
3458 52 3463 941 6629 5904 942 6722 6721 8371 5298 2689 2688 8101
3459 3461
3461 3459
3462 1543
3463 52 941 6629 5904 942 3458 6722 6721 8371 5298 2689 2688 8101
3465 586 6005 5174
3466 3674
3468 4974 1299 6670 848 4569 5450
3469 958 7961 3900
3470 851 3087 6447 276 7562
3474 3921 479 2992 3475 2592 6717 6523
3475 3921 479 2992 2592 6717 6523 3474
3477 265
3482 4458
3485 5032 5036
3486 646 1489
3487 5199 3489 6731 5290
3489 5199 3487 6731 5290
3503 7499 432 7500
3505 5631 5640 2602 2071 3723
3509 4944
3511 1858
3513 821
3515 4769 637 3823
3525 8158 8166 8165 2987 8164 8161 7405 4068 4639 8167 8159
3526 4379 1304
3531 4515 3621 565
3535 5991 5778
3536 8089 5625
3537 5626 2250 5655 6246
3538 5624 516 1063
3542 3206 3546 2784
3543 514
3546 3206 3542 2784
3547 3204 6168 7773 6296 6295 3205
3550 1730
3552 3555 3556 3665 1774 3553 2879 8100 3557
3553 3555 3556 3552 3665 1774 2879 8100 3557
3555 3556 3552 3665 1774 3553 2879 8100 3557
3556 3555 3552 3665 1774 3553 2879 8100 3557
3557 3555 3556 3552 3665 1774 3553 2879 8100
3558 1669 1668 1665 1508 1245 3559
3559 1669 1668 1665 1508 1245 3558
3570 6472 4740 6392 7452
3576 7823 3577
3577 3576 7823
3580 1347
3581 3582
3582 3581
3583 7822 4543 5424 150
3586 1268 2267 2554 5960 2266 1644 2553 2549 2550 501 1289 4522 2548 4175
3592 8234
3594 4046
3597 8056 3318
3599 993 994 3843
3601 1465 1804
3606 1756 531 5674
3608 670 5959 2465 287 5155 2446 605 5154 1244 4757 5156 4955 1887 1889 7637
3617 46
3618 1129 1128 2825
3619 971 6077
3621 4515 3531 565
3622 3624 3625 3623
3623 3624 3625 3622
3624 3625 3623 3622
3625 3624 3623 3622
3630 6747 2765
3633 973 7380 5734 7233 4744 429 4267 6255 953 5427 5099
3634 6809 1648 8072 1649 2089
3635 1672 7447 3207 2928 6223 2929 7666
3637 1753 3245 5588
3638 3640 3639
3639 3638 3640
3640 3638 3639
3648 3232
3649 5937 6225 6471 2124 55 126 54 125 2014
3654 6491 3061
3655 3949
3657 3340
3658 3340
3660 31 8301 8302 624 1467 623 5090 4389 1466 464 3095 7161
3665 3555 3556 3552 1774 3553 2879 8100 3557
3672 5662
3673 1107 5663
3674 3466
3676 4866
3679 3680
3680 3679
3689 7035
3701 5159 1411
3708 5953
3712 620
3715 2531
3716 1691 3717 1169 1170
3717 1691 3716 1169 1170
3718 1613 3384 5367 1612 285 7563
3721 3722 7172 4191
3722 3721 7172 4191
3723 5631 3505 5640 2602 2071
3725 4694 3726
3726 4694 3725
3731 326 7029 7028 7030 79 2822 1622 4178 4630 1904 8077
3734 24 1651 203
3738 4758 5426 2081 4729
3739 5854 5172 83 3742
3742 5854 5172 83 3739
3745 6342
3746 5031
3747 5385 5988 5578 5579 1127 6291 1126 5577 7191
3750 2362
3763 5970 3259
3769 1313 164
3770 7312
3772 6407 6976
3773 1050 3775
3775 1050 3773
3780 1507 5266 2886 3070 5267
3787 7043 6056 1322 2016 2262
3789 3791 6218
3790 6217 3792 1916
3791 6218 3789
3792 3790 6217 1916
3794 3386 2413 1805 4624 156 3107 157 954 956
3795 5875 7188
3798 1716
3799 3036 3037 2651 505 3035
3804 4122 7426 4908
3806 91 1596 4030 1809 5795
3807 7117
3812 1915 2311
3817 5826 7545 7643 5158 1614
3822 5523 6531 7154 5414 196
3823 4769 3515 637
3827 5157 2736 5097 2820 2270
3834 7425 3835 6657
3835 7425 3834 6657
3841 4176 5672 1790 2806 5120 5894
3842 7673 992 3090 4960 179 5119
3843 993 994 3599
3848 4857
3849 4011 3857 832 3855 3856 3852 3851 3854
3851 4011 3857 832 3855 3856 3852 3849 3854
3852 4011 3857 832 3855 3856 3851 3849 3854
3854 4011 3857 832 3855 3856 3852 3851 3849
3855 4011 3857 832 3856 3852 3851 3849 3854
3856 4011 3857 832 3855 3852 3851 3849 3854
3857 4011 832 3855 3856 3852 3851 3849 3854
3859 903 583 2203 309
3865 1771
3867 2436 4133
3868 8134 7825 4643 8141 8140 8142 7827 8137 4633 7826 8135 8133 4844 8139 8136
3875 7514 4037 3876 2050
3876 3875 7514 4037 2050
3877 3878 6535
3878 3877 6535
3887 4495
3888 6401
3889 201 5425
3890 6242 1499
3897 5455
3898 3899 7407
3899 3898 7407
3900 958 3469 7961
3903 8360
3907 1629
3908 3310 3311
3911 3912 2493 2492 1746
3912 2493 3911 2492 1746
3921 479 2992 3475 2592 6717 6523 3474
3924 6213 5913 6638 8276 1067
3925 3926
3926 3925
3928 4198 4969 1113 2386 6752 4147 4146
3929 4717
3932 3933 504 2519
3933 3932 504 2519
3934 394 393 392 391
3937 847 792 3943 4746 2740
3943 3937 847 792 4746 2740
3949 3655
3950 5908
3951 5269 3952 5793 4421 5270 4939 1617 4754 2836
3952 5269 5793 4421 5270 4939 1617 4754 2836 3951
3953 3954 661 659 660
3954 3953 661 659 660
3960 614 2876 2877
3961 14 13 12 7313 1860 105
3967 4248 849 850 8250
3971 5218 5217 5219 5216 5215 5214 5213 5212 5211 5210
3972 1673 2254 2253 1800 2252 5765 4143 2251
3982 7865
3991 5138 5137 1374 5136
3994 5503
3995 4269 1902
3996 63
3998 6074 8279 127 8278
3999 6441
4000 8041 3170 2914 4628 2915 3169
4006 8088 5349 5703 613 2463
4007 7812 4617 6158 2788
4009 8168 5459 1441 1446 1440 1442 6910 5467
4010 5472
4011 3857 832 3855 3856 3852 3851 3849 3854
4030 3806 91 1596 1809 5795
4032 6733
4035 3124 3135 6352 1370
4036 676
4037 3875 7514 3876 2050
4041 6413 7033 7032 1187
4046 3594
4049 2956
4052 2953 6716
4053 6254 4054 1980 139 893 3140
4054 6254 1980 4053 139 893 3140
4055 362 842 4222 271 4217
4056 2916 8382 1217 6666
4059 5225
4065 2959
4066 7
4068 8158 8166 8165 2987 8164 8161 3525 7405 4639 8167 8159
4069 5751
4070 8177
4075 4076 1034 1033 2029
4076 1034 1033 2029 4075
4078 4895 7642 2821
4080 804 4140 805
4090 32 197 6678 6677
4091 7883 7515
4100 3404
4104 6322 3074
4110 4111 7519 3057 5729 4112 5689
4111 7519 3057 5729 4112 5689 4110
4112 4111 7519 3057 5729 5689 4110
4116 4117
4117 4116
4118 7254 1652
4120 3437 190
4121 3154 1988 1394
4122 3804 7426 4908
4126 6925 4194
4128 8042
4131 1801
4132 4609
4133 3867 2436
4140 4080 804 805
4143 1673 2254 2253 1800 2252 5765 2251 3972
4144 2685 319 2684 2681 1078 2680 2679
4146 4198 4969 1113 2386 6752 4147 3928
4147 4198 4969 1113 2386 6752 3928 4146
4148 6172
4149 5563 3387
4150 1967 1849 1848 837 7227 1189
4152 1297
4153 4157 3312
4157 4153 3312
4159 5717 1163
4161 3200
4163 4168 4164 4165 4166
4164 4168 4165 4163 4166
4165 4168 4164 4163 4166
4166 4168 4164 4165 4163
4168 4164 4165 4163 4166
4170 7975 5768 316 120
4175 1268 2267 2554 5960 3586 2266 1644 2553 2549 2550 501 1289 4522 2548
4176 5672 1790 2806 5120 3841 5894
4177 7389 2971 2096
4178 326 7029 7028 7030 79 3731 2822 1622 4630 1904 8077
4183 8391
4191 3721 3722 7172
4194 6925 4126
4195 4753
4196 3303 3304 3302 3300 3299 3305 4197 3301
4197 3303 3304 3302 4196 3300 3299 3305 3301
4198 4969 1113 2386 6752 4147 3928 4146
4199 4419 4253 6836
4201 1464
4204 892
4205 3453 3452 3451 2032
4207 4922 4854
4217 362 842 4222 271 4055
4219 4223
4221 5399 7507
4222 362 842 271 4055 4217
4223 4219
4224 2370
4225 4233 7092 491 1176 1257 2864
4228 8111 8128 7814 8127 8126 8125 7816 8124 7813 8115 4229 8112
4229 8111 8128 7814 8127 8126 8125 4228 7816 8124 7813 8115 8112
4231 843
4233 4225 7092 491 1176 1257 2864
4234 6905 7634
4242 4493
4248 849 3967 850 8250
4249 7315
4253 4199 4419 6836
4254 148 147
4262 5752 6116
4263 2905 611 376
4267 3633 973 7380 5734 7233 4744 429 6255 953 5427 5099
4269 3995 1902
4275 6983 3237
4279 4281 7718 722
4281 4279 7718 722
4286 8308
4287 295 2130 296 2129
4293 3148 506 5083
4300 3225 777 776 1749 6287 4818
4301 4302
4302 4301
4305 4760 7002 589
4309 539
4319 3427
4332 4983 4808 2039 4809
4338 2404 5354 5353 5895 5352
4348 1637 1775 1776 1699 8284
4349 1367
4352 759 8155
4353 8172 3423 2635 8153 5828 2642
4354 6586 1451 6616
4355 2636
4359 5043 4971 5045
4360 5044 6235 5046
4371 4781
4373 5566
4374 1042 5585 7424 2499
4379 3526 1304
4382 7192
4387 2284 2283 7754 8240 6659 8239 3123
4389 31 8301 8302 624 3660 1467 623 5090 1466 464 3095 7161
4397 4613
4400 5477
4401 5574
4403 919 202 918 917 1641 2603 1642 2079
4411 4412
4412 4411
4413 3402 3401
4419 4199 4253 6836
4420 1286 2103 1287 5792 255 2101 2123 2113 2109 2105 7427 2117 2111 1616 2107
4421 5269 3952 5793 5270 4939 1617 4754 2836 3951
4429 8068
4449 4450
4450 4449
4451 8255
4453 7103 8322
4458 3482
4465 3168 4731
4477 4622 2514
4479 4480
4480 8061 1124 4479 2234 4688
4481 4482
4482 4481
4486 1799 2272 2271 1527 1743
4493 4242
4495 3887
4501 5845 2091 6163 1667
4515 3621 3531 565
4518 3295 3297 2793 3296
4522 1268 2267 2554 5960 3586 2266 1644 2553 2549 2550 501 1289 2548 4175
4523 612 1327 375
4525 905
4526 8394 8395 8393
4527 2671 2087 3411
4531 840
4534 8280 1207 4747 6922
4536 4863
4538 5177 5175 667 5176
4540 5627
4543 7822 5424 3583 150
4544 787
4545 2466 1548 3322
4546 1422 7131
4548 318 3298 119
4551 4962
4552 2037
4569 4974 1299 6670 848 3468 5450
4573 294 6540
4590 173 6050 155
4607 5405
4609 4132
4610 4779 8138 745 585 7963
4613 4397
4617 4007 7812 6158 2788
4620 1428
4622 4477 2514
4624 3386 2413 1805 156 3107 157 3794 954 956
4625 4642
4628 8041 3170 2914 4000 2915 3169
4630 326 7029 7028 7030 79 3731 2822 1622 4178 1904 8077
4633 8134 7825 4643 8141 8140 8142 3868 7827 8137 7826 8135 8133 4844 8139 8136
4639 8158 8166 8165 2987 8164 8161 3525 7405 4068 8167 8159
4642 4625
4643 8134 7825 8141 8140 8142 3868 7827 8137 4633 7826 8135 8133 4844 8139 8136
4659 2239 5474 5473 5471 6749 5464 5461
4663 1051 5952
4666 534 2240
4688 4480
4690 168
4691 8281
4694 3726 3725
4695 4696
4696 4695
4697 5694 2532
4706 6430 6627 4761 6626 122 2320
4707 8123 726
4714 4715 5451
4715 5451 4714
4716 2939 292
4717 3929
4729 4758 5426 3738 2081
4731 4465 3168
4737 106
4738 5561 2048 2946 6812 6811 6810 2719
4739 7176
4740 3570 6472 6392 7452
4741 252 2280 1632 4852
4744 3633 973 7380 5734 7233 429 4267 6255 953 5427 5099
4746 3937 847 792 3943 2740
4747 8280 1207 4534 6922
4751 7067 6034 838 6033
4753 4195
4754 5269 3952 5793 4421 5270 4939 1617 2836 3951
4755 2112 2108 2102 2100 2125 2835 2104 2116 2110 2106 2119
4756 1932
4757 670 5959 2465 287 5155 2446 605 5154 1244 3608 5156 4955 1887 1889 7637
4758 5426 3738 2081 4729
4760 4305 7002 589
4761 6430 6627 6626 4706 122 2320
4764 7809
4765 1404
4766 4767
4767 4766
4768 1172 7025 1690 4771 595 596 1688 895
4769 3515 637 3823
4771 1172 7025 1690 595 596 1688 4768 895
4778 1448 1181
4779 8138 745 4610 585 7963
4781 4371
4793 5995
4808 4983 2039 4809 4332
4809 4983 4808 2039 4332
4814 5391
4815 5601 584
4816 7967
4818 4300 3225 777 776 1749 6287
4831 707
4834 8157 4835 6452
4835 8157 4834 6452
4844 8134 7825 4643 8141 8140 8142 3868 7827 8137 4633 7826 8135 8133 8139 8136
4847 652 3342
4850 5518 802 801 800 636 799 797 798
4852 252 2280 4741 1632
4853 1968 6020 4923
4854 4922 4207
4855 8289 3269 310 3270
4856 5149 7347 2827
4857 3848
4859 1731
4860 5731
4861 245 244 6534
4863 4536
4866 3676
4867 619 3006 2999 6366
4876 882
4877 1162 5716
4884 2782 2483 4889 7337 1512
4885 581 4890 1513
4889 2782 2483 4884 7337 1512
4890 581 4885 1513
4894 2585 4896
4895 4078 7642 2821
4896 2585 4894
4903 7990 87 3266 7687
4906 2588
4908 3804 4122 7426
4922 4207 4854
4923 1968 6020 4853
4927 6106 475 7023 1567
4930 6095 4931 5128 1085
4931 4930 6095 5128 1085
4935 6605 187 1325 1326 188 3257
4937 2538 2539
4939 5269 3952 5793 4421 5270 1617 4754 2836 3951
4942 1462 1167 7715 6076
4944 3509
4946 4947 6778
4947 6778 4946
4948 1909 7731
4950 1056 30 29 28 5981
4955 670 5959 2465 287 5155 2446 605 5154 1244 3608 4757 5156 1887 1889 7637
4957 7211
4959 2225 6157 2226 7210
4960 7673 992 3842 3090 179 5119
4961 113 2557 116 2489 115 671 594 114 2556 2490
4962 4551
4963 7800 615
4965 1276
4969 4198 1113 2386 6752 4147 3928 4146
4971 5043 4359 5045
4972 2034 4973
4973 4972 2034
4974 1299 6670 848 4569 3468 5450
4975 562 3371
4976 2555 597 7860 6398 6118
4977 6565
4983 4808 2039 4809 4332
4984 1964 1509 6984
4985 3130 700 1240 8401 5772
4991 2027 6562
4992 5051 5050
4993 5047
4994 6750 5837
4995 7261 5838
5000 7912
5001 5002
5002 5001
5003 5075 3294 6219
5004 573 574
5005 7321 7322 6030
5007 8310
5028 2040
5031 3746
5032 3485 5036
5036 5032 3485
5043 4359 4971 5045
5044 6235 5046 4360
5045 5043 4359 4971
5046 5044 6235 4360
5047 4993
5048 482 5049 1976 483
5049 482 5048 1976 483
5050 5051 4992
5051 5050 4992
5056 1522
5060 104
5065 82
5068 1434 1432 7003 7538
5075 3294 5003 6219
5076 582
5080 1473 6320 1483
5081 6707 6321 215
5083 4293 3148 506
5084 6613
5085 6292 1532 5086
5086 6292 1532 5085
5087 822
5090 31 8301 8302 624 3660 1467 623 4389 1466 464 3095 7161
5092 6488 6558 6326 1290 6494 2026
5095 3406
5097 5157 2736 3827 2820 2270
5099 3633 973 7380 5734 7233 4744 429 4267 6255 953 5427
5100 1116 3314 6252 2438 8071 428
5104 2967
5109 1802
5117 5118 1403 2773
5118 1403 2773 5117
5119 7673 992 3842 3090 4960 179
5120 4176 5672 1790 2806 3841 5894
5127 2778 192 8357 955
5128 4930 6095 4931 1085
5129 1211 7781
5131 5301 6730 6308 21 7971
5134 5148 3203 5440 5147 1862
5135 2315 7539
5136 5138 5137 1374 3991
5137 5138 1374 3991 5136
5138 5137 1374 3991 5136
5147 5148 3203 5440 5134 1862
5148 3203 5440 5147 5134 1862
5149 4856 7347 2827
5150 5151
5151 5150
5154 670 5959 2465 287 5155 2446 605 1244 3608 4757 5156 4955 1887 1889 7637
5155 670 5959 2465 287 2446 605 5154 1244 3608 4757 5156 4955 1887 1889 7637
5156 670 5959 2465 287 5155 2446 605 5154 1244 3608 4757 4955 1887 1889 7637
5157 2736 5097 3827 2820 2270
5158 5826 3817 7545 7643 1614
5159 1411 3701
5163 6205 7466 7467 2891 6207 6206
5168 2591
5170 502 5993 1926 1929 6635
5172 5854 83 3742 3739
5173 6860 1192 6317
5174 586 3465 6005
5175 5177 4538 667 5176
5176 5177 4538 5175 667
5177 4538 5175 667 5176
5178 165 1850
5179 2299
5180 2856 5181 2855
5181 2856 5180 2855
5182 3177
5183 5879
5184 1259
5194 5195
5195 5194
5197 929
5198 950
5199 3489 3487 6731 5290
5200 462
5201 1705 1704 5202
5202 1705 1704 5201
5203 6964
5210 5218 5217 5219 5216 5215 5214 5213 3971 5212 5211
5211 5218 5217 5219 5216 5215 5214 5213 3971 5212 5210
5212 5218 5217 5219 5216 5215 5214 5213 3971 5211 5210
5213 5218 5217 5219 5216 5215 5214 3971 5212 5211 5210
5214 5218 5217 5219 5216 5215 5213 3971 5212 5211 5210
5215 5218 5217 5219 5216 5214 5213 3971 5212 5211 5210
5216 5218 5217 5219 5215 5214 5213 3971 5212 5211 5210
5217 5218 5219 5216 5215 5214 5213 3971 5212 5211 5210
5218 5217 5219 5216 5215 5214 5213 3971 5212 5211 5210
5219 5218 5217 5216 5215 5214 5213 3971 5212 5211 5210
5224 7300
5225 4059
5226 5393
5227 750 5639
5234 6263
5257 7441 7440 7439 6477
5258 2580 3052 2579 1213 6615
5259 2326 2412 269 2325 2411
5263 2892 5264
5264 5263 2892
5266 1507 2886 3070 5267 3780
5267 1507 5266 2886 3070 3780
5269 3952 5793 4421 5270 4939 1617 4754 2836 3951
5270 5269 3952 5793 4421 4939 1617 4754 2836 3951
5277 2922
5278 6862
5280 853 8238 6055 854 137 138
5281 360
5282 3370 207 5285
5285 3370 5282 207
5286 1894
5287 2122
5290 5199 3489 3487 6731
5291 7651 7650 7682 7683
5294 6285 765 5794 6555 6732
5296 7325 1747 6685 1751 6825
5298 52 3463 941 6629 5904 942 3458 6722 6721 8371 2689 2688 8101
5301 6730 6308 21 7971 5131
5320 3262 5491 5321 7164 920 117 3360
5321 3262 5491 5320 7164 920 117 3360
5327 5613
5339 871 870 8375 5341 7908
5340 6598 419 420
5341 871 5339 870 8375 7908
5349 8088 4006 5703 613 2463
5350 6228 2584
5351 3199
5352 2404 4338 5354 5353 5895
5353 2404 4338 5354 5895 5352
5354 2404 4338 5353 5895 5352
5359 7259
5360 1959 3058
5367 1613 3384 3718 1612 285 7563
5385 5988 5578 5579 1127 6291 1126 5577 3747 7191
5389 6426
5391 4814
5393 5226
5399 4221 7507
5400 2596 7101
5401 873 7430 5487 3178 6780 1939 7224 118 5493
5405 4607
5410 7311
5414 5523 3822 6531 7154 196
5421 768 3138 3137 3139 3134 990
5424 7822 4543 3583 150
5425 201 3889
5426 4758 3738 2081 4729
5427 3633 973 7380 5734 7233 4744 429 4267 6255 953 5099
5429 1393 200 852 1547 7403
5439 2304
5440 5148 3203 5147 5134 1862
5447 2927 2926
5450 4974 1299 6670 848 4569 3468
5451 4715 4714
5455 3897
5458 7293 3062 2338 3067 779 7270 6789 1630 2339 3063 7281 778 2737 1714 2337
5459 8168 1441 1446 1440 1442 6910 4009 5467
5461 2239 5474 5473 5471 6749 4659 5464
5464 2239 5474 5473 5471 6749 4659 5461
5467 8168 5459 1441 1446 1440 1442 6910 4009
5468 2695
5471 2239 5474 5473 6749 4659 5464 5461
5472 4010
5473 2239 5474 5471 6749 4659 5464 5461
5474 2239 5473 5471 6749 4659 5464 5461
5475 2732 2733
5477 4400
5481 7625
5485 2458 7194 7599
5486 5498 1623 7482
5487 873 7430 3178 6780 5401 1939 7224 118 5493
5491 3262 5321 5320 7164 920 117 3360
5493 873 7430 5487 3178 6780 5401 1939 7224 118
5496 5499 6814 5497 2459 7598 5650
5497 5499 6814 5496 2459 7598 5650
5498 5486 1623 7482
5499 6814 5497 5496 2459 7598 5650
5503 3994
5507 6771
5510 7350 1834 3078
5512 2237
5518 802 801 800 636 799 797 798 4850
5523 3822 6531 7154 5414 196
5524 2464 184 6726 183
5525 2377 6166
5559 416 410 617 412 417 413
5561 2048 2946 4738 6812 6811 6810 2719
5563 3387 4149
5566 4373
5569 6547
5572 3244 5963
5574 4401
5575 6835
5577 5385 5988 5578 5579 1127 6291 1126 3747 7191
5578 5385 5988 5579 1127 6291 1126 5577 3747 7191
5579 5385 5988 5578 1127 6291 1126 5577 3747 7191
5580 1813
5585 1042 4374 7424 2499
5588 1753 3245 3637
5591 2030
5597 1267 528 1663 1662 1661 1625 3029
5601 4815 584
5606 5607 6461
5607 6461 5606
5612 5900 1781 2092 5693 2093
5613 5327
5614 7258 7273 1410 7280 5679 6788 1524 7264 2805 2785 1713
5616 7797 7996 7517 7223 2754
5620 2727 2726 6802 7699
5624 516 1063 3538
5625 3536 8089
5626 2250 5655 6246 3537
5627 4540
5631 3505 5640 2602 2071 3723
5637 6094 7070 374
5639 5227 750
5640 5631 3505 2602 2071 3723
5645 5647
5647 5645
5650 5499 6814 5497 5496 2459 7598
5651 5652 2379 1955
5652 2379 5651 1955
5655 5626 2250 6246 3537
5656 6196
5662 3672
5663 3673 1107
5670 6007 7039 6014 6017
5671 952 3075 6921 1408 3397
5672 4176 1790 2806 5120 3841 5894
5674 3606 1756 531
5679 7258 5614 7273 1410 7280 6788 1524 7264 2805 2785 1713
5685 185
5689 4111 7519 3057 5729 4112 4110
5693 5900 5612 1781 2092 2093
5694 4697 2532
5703 8088 5349 4006 613 2463
5708 2932
5716 4877 1162
5717 4159 1163
5721 8090
5723 8390
5729 4111 7519 3057 4112 5689 4110
5731 4860
5734 3633 973 7380 7233 4744 429 4267 6255 953 5427 5099
5737 2217 1861 7133 2697 6718 3240 2870 7542 2696 477 8210
5746 3306 2943
5747 6243
5750 2523
5751 4069
5752 6116 4262
5760 8030
5763 6409
5764 1059 8233 5835
5765 1673 2254 2253 1800 2252 4143 2251 3972
5767 2207
5768 7975 4170 316 120
5772 3130 4985 700 1240 8401
5773 1060 1200 7948 305 580 6018 5951
5774 5775
5775 5774
5776 578 6665
5778 5991 3535
5779 1757 5781 8232 5783 3152 5780 1913
5780 1757 5781 8232 5783 3152 1913 5779
5781 1757 8232 5783 3152 5780 1913 5779
5783 1757 5781 8232 3152 5780 1913 5779
5791 7297 3160 3161 3167 3164 3163 695 697 1500 7289 3162 7288 696 7290
5792 1286 2103 1287 255 2101 2123 2113 2109 2105 4420 7427 2117 2111 1616 2107
5793 5269 3952 4421 5270 4939 1617 4754 2836 3951
5794 6285 765 5294 6555 6732
5795 3806 91 1596 4030 1809
5796 1679 1678 2530 881 650 1677
5797 6683 5798
5798 6683 5797
5800 3056
5807 2268 1360 6450 7906 7905 2269
5812 5999 6006 6911 2244 3407 2245 3364 7226 7603 6002 7681 6001 6003 1990
5826 3817 7545 7643 5158 1614
5827 7396 6578 3457 727
5828 4353 8172 3423 2635 8153 2642
5830 1682 425 1681 1680
5835 5764 1059 8233
5837 4994 6750
5838 4995 7261
5839 2033 5841 5840 3405
5840 5839 2033 5841 3405
5841 5839 2033 5840 3405
5842 1157
5843 1258
5845 2091 4501 6163 1667
5854 5172 83 3742 3739
5860 2861 5861
5861 2861 5860
5868 5869
5869 5868
5875 7188 3795
5879 5183
5882 8358 7664
5883 2527 2525
5890 1061
5891 6699
5894 4176 5672 1790 2806 5120 3841
5895 2404 4338 5354 5353 5352
5900 5612 1781 2092 5693 2093
5904 52 3463 941 6629 942 3458 6722 6721 8371 5298 2689 2688 8101
5905 2920
5906 2356 3392 2473 2357 2471 2472 2260 144 145 2474 2353 1873 7372 283 2355 7635 2354
5908 3950
5909 349 351 906 350 352
5910 5911
5911 5910
5912 457 1372
5913 6213 6638 8276 1067 3924
5914 7512
5923 2801 2802
5926 5934
5929 6122 2890
5934 5926
5936 6396 6391 6394
5937 6225 6471 2124 55 3649 126 54 125 2014
5940 2831 1835 1836 1382
5949 1606
5950 3040 5973 8178 2233 8179 1065 8180
5951 5773 1060 1200 7948 305 580 6018
5952 1051 4663
5953 3708
5959 670 2465 287 5155 2446 605 5154 1244 3608 4757 5156 4955 1887 1889 7637
5960 1268 2267 2554 3586 2266 1644 2553 2549 2550 501 1289 4522 2548 4175
5961 1857
5963 3244 5572
5964 1016
5965 7124
5970 3259 3763
5973 3040 8178 5950 2233 8179 1065 8180
5981 1056 4950 30 29 28
5988 5385 5578 5579 1127 6291 1126 5577 3747 7191
5991 5778 3535
5993 502 5170 1926 1929 6635
5994 6167
5995 4793
5999 6006 6911 2244 5812 3407 2245 3364 7226 7603 6002 7681 6001 6003 1990
6001 5999 6006 6911 2244 5812 3407 2245 3364 7226 7603 6002 7681 6003 1990
6002 5999 6006 6911 2244 5812 3407 2245 3364 7226 7603 7681 6001 6003 1990
6003 5999 6006 6911 2244 5812 3407 2245 3364 7226 7603 6002 7681 6001 1990
6005 586 3465 5174
6006 5999 6911 2244 5812 3407 2245 3364 7226 7603 6002 7681 6001 6003 1990
6007 7039 5670 6014 6017
6014 6007 7039 5670 6017
6017 6007 7039 5670 6014
6018 5773 1060 1200 7948 305 580 5951
6020 1968 4923 4853
6023 6025 2078
6025 6023 2078
6029 7672 6507 1363
6030 7321 5005 7322
6033 7067 6034 838 4751
6034 7067 838 6033 4751
6036 7703
6040 6042 6041 6044
6041 6042 6040 6044
6042 6041 6040 6044
6044 6042 6041 6040
6047 7950 3255
6050 173 4590 155
6051 3256 6344
6052 6931
6055 853 8238 854 137 138 5280
6056 7043 3787 1322 2016 2262
6069 6071
6071 6069
6074 8279 3998 127 8278
6076 1462 1167 7715 4942
6077 3619 971
6078 1529 6127 3440
6079 6734 897 78
6080 1905
6091 2009 1039 1040 6257 2007 2008 642
6093 2595
6094 5637 7070 374
6095 4930 4931 5128 1085
6104 1177 6105 1100 2028
6105 1177 6104 1100 2028
6106 4927 475 7023 1567
6109 6655 6232
6114 2166 2165 2159 2164 2160 2167 1402 2163 2162 2161 2158
6116 5752 4262
6117 818 7155
6118 2555 597 7860 6398 4976
6121 1138
6122 2890 5929
6127 1529 6078 3440
6146 6757
6150 1996 1997 7094
6151 7238
6156 7484 1666
6157 2225 2226 7210 4959
6158 4007 7812 4617 2788
6163 5845 2091 4501 1667
6164 6736
6166 2377 5525
6167 5994
6168 3204 7773 6296 6295 3205 3547
6172 4148
6173 2295
6178 220 221
6196 5656
6197 2781
6201 2157 1045 2150 7217 2153 2152 2149 2156 2155 2154 2151
6203 1081 651
6205 7466 5163 7467 2891 6207 6206
6206 6205 7466 5163 7467 2891 6207
6207 6205 7466 5163 7467 2891 6206
6213 5913 6638 8276 1067 3924
6214 1079
6217 3790 3792 1916
6218 3791 3789
6219 5075 3294 5003
6221 1091
6223 1672 7447 3207 2928 2929 3635 7666
6225 5937 6471 2124 55 3649 126 54 125 2014
6227 2264 2263
6228 5350 2584
6232 6109 6655
6234 1247 2604 1248
6235 5044 5046 4360
6239 34 1505 1934 3023
6240 2067 1344
6241 1348 1339 1340
6242 3890 1499
6243 5747
6245 2031
6246 5626 2250 5655 3537
6247 2025
6252 1116 3314 2438 5100 8071 428
6254 4054 1980 4053 139 893 3140
6255 3633 973 7380 5734 7233 4744 429 4267 953 5427 5099
6256 146
6257 6091 2009 1039 1040 2007 2008 642
6258 8307 2640
6263 5234
6276 2533
6285 765 5294 5794 6555 6732
6286 7090
6287 4300 3225 777 776 1749 4818
6288 1149 3109 1134 1715 1132
6289 204
6290 1768 6952
6291 5385 5988 5578 5579 1127 1126 5577 3747 7191
6292 1532 5085 5086
6293 6448 6449
6295 3204 6168 7773 6296 3205 3547
6296 3204 6168 7773 6295 3205 3547
6301 714
6308 5301 6730 21 7971 5131
6317 6860 1192 5173
6318 1405 1193 33 8215 1438
6320 5080 1473 1483
6321 6707 5081 215
6322 3074 4104
6326 6488 6558 5092 1290 6494 2026
6332 7193
6342 3745
6344 6051 3256
6345 1294
6350 9 8 8398 2088 493 1977 3251 8397
6352 3124 4035 3135 1370
6364 816
6366 4867 619 3006 2999
6374 3021 2017
6381 6382
6382 6381
6385 1152 1088
6386 1371
6387 313
6391 6396 5936 6394
6392 3570 6472 4740 7452
6394 6396 5936 6391
6396 5936 6391 6394
6398 2555 597 7860 4976 6118
6399 1219
6401 3888
6407 6976 3772
6409 5763
6413 7033 4041 7032 1187
6425 3399 6429
6426 5389
6429 3399 6425
6430 6627 4761 6626 4706 122 2320
6438 2566 2568 2565 2563 1293 1114 2564 2559 2567 1269 2561
6441 3999
6446 6779
6447 3470 851 3087 276 7562
6448 6293 6449
6449 6448 6293
6450 2268 1360 7906 5807 7905 2269
6452 8157 4834 4835
6456 6499 6498
6461 5607 5606
6463 1882 1880
6471 5937 6225 2124 55 3649 126 54 125 2014
6472 3570 4740 6392 7452
6473 6474 6863
6474 6473 6863
6477 7441 7440 7439 5257
6482 2637
6483 2235
6488 6558 6326 5092 1290 6494 2026
6491 3654 3061
6494 6488 6558 6326 5092 1290 2026
6498 6499 6456
6499 6456 6498
6507 7672 6029 1363
6518 406
6523 3921 479 2992 3475 2592 6717 3474
6524 6526 460
6525 7168
6526 460 6524
6529 174 7838
6531 5523 3822 7154 5414 196
6534 4861 245 244
6535 3878 3877
6540 4573 294
6547 5569
6555 6285 765 5294 5794 6732
6557 7522 2676 2677 2678
6558 6488 6326 5092 1290 6494 2026
6562 2027 4991
6565 4977
6577 1595
6578 5827 7396 3457 727
6586 1451 6616 4354
6587 587
6593 6594
6594 6593
6595 7669
6596 6597
6597 6596
6598 419 420 5340
6599 7775
6605 4935 187 1325 1326 188 3257
6609 6610
6610 6609
6611 6612
6612 6611
6613 5084
6614 2218
6615 2580 3052 2579 1213 5258
6616 6586 1451 4354
6617 6774 6618
6618 6774 6617
6623 7806
6624 8027
6626 6430 6627 4761 4706 122 2320
6627 6430 4761 6626 4706 122 2320
6629 52 3463 941 5904 942 3458 6722 6721 8371 5298 2689 2688 8101
6635 502 5993 5170 1926 1929
6636 991
6638 6213 5913 8276 1067 3924
6647 3394 3395
6651 452
6654 732 1384 1385 1077
6655 6109 6232
6657 7425 3835 3834
6659 2284 2283 7754 8240 8239 3123 4387
6660 476 3291
6662 7163 7167
6664 575 7055
6665 5776 578
6666 2916 4056 8382 1217
6669 8020 8021
6670 4974 1299 848 4569 3468 5450
6677 32 197 6678 4090
6678 32 197 6677 4090
6683 5798 5797
6685 7325 1747 1751 6825 5296
6699 5891
6703 6759 1793 11
6704 15 2795
6706 1204 1947 1208 738 7502 7501
6707 6321 5081 215
6715 7817 7662
6716 4052 2953
6717 3921 479 2992 3475 2592 6523 3474
6718 2217 1861 7133 2697 3240 2870 7542 2696 477 8210 5737
6721 52 3463 941 6629 5904 942 3458 6722 8371 5298 2689 2688 8101
6722 52 3463 941 6629 5904 942 3458 6721 8371 5298 2689 2688 8101
6726 2464 5524 184 183
6730 5301 6308 21 7971 5131
6731 5199 3489 3487 5290
6732 6285 765 5294 5794 6555
6733 4032
6734 897 6079 78
6736 6164
6747 2765 3630
6749 2239 5474 5473 5471 4659 5464 5461
6750 4994 5837
6752 4198 4969 1113 2386 4147 3928 4146
6754 8237 2845 8236 1395 2851 2850 2848 2846
6755 1463 2457
6757 6146
6759 1793 6703 11
6771 5507
6772 537 7320
6773 1148
6774 6617 6618
6775 6777 1115 6776 1112 1111 2288 879
6776 6777 1115 1112 1111 2288 6775 879
6777 1115 6776 1112 1111 2288 6775 879
6778 4947 4946
6779 6446
6780 873 7430 5487 3178 5401 1939 7224 118 5493
6781 1808 2908
6784 2524
6788 7258 5614 7273 1410 7280 5679 1524 7264 2805 2785 1713
6789 7293 3062 2338 3067 779 7270 1630 2339 3063 7281 5458 778 2737 1714 2337
6798 6800 7431 6799 304 303 7595 7157
6799 6800 7431 304 6798 303 7595 7157
6800 7431 6799 304 6798 303 7595 7157
6802 5620 2727 2726 7699
6803 2898 590
6805 6806
6806 6805
6809 1648 3634 8072 1649 2089
6810 5561 2048 2946 4738 6812 6811 2719
6811 5561 2048 2946 4738 6812 6810 2719
6812 5561 2048 2946 4738 6811 6810 2719
6813 2918
6814 5499 5497 5496 2459 7598 5650
6821 8063
6825 7325 1747 6685 1751 5296
6835 5575
6836 4199 4419 4253
6845 2593 2699 7747 6846 2878 2614 158
6846 2593 2699 7747 2878 6845 2614 158
6847 2390
6860 1192 6317 5173
6862 5278
6863 6473 6474
6878 3219
6901 7349
6905 4234 7634
6910 8168 5459 1441 1446 1440 1442 4009 5467
6911 5999 6006 2244 5812 3407 2245 3364 7226 7603 6002 7681 6001 6003 1990
6917 85 84 86 2368 6918
6918 85 84 86 2368 6917
6921 952 3075 5671 1408 3397
6922 8280 1207 4747 4534
6925 4194 4126
6930 2826
6931 6052
6932 6933 8190
6933 8190 6932
6936 2716
6939 1515 3290 7652
6952 1768 6290
6962 1253
6964 5203
6976 6407 3772
6983 4275 3237
6984 1964 4984 1509
6990 266
7002 4305 4760 589
7003 1434 1432 5068 7538
7011 7793
7022 323 324 8206 7579
7023 6106 4927 475 1567
7025 1172 1690 4771 595 596 1688 4768 895
7028 326 7029 7030 79 3731 2822 1622 4178 4630 1904 8077
7029 326 7028 7030 79 3731 2822 1622 4178 4630 1904 8077
7030 326 7029 7028 79 3731 2822 1622 4178 4630 1904 8077
7032 6413 7033 4041 1187
7033 6413 4041 7032 1187
7034 2542
7035 3689
7039 6007 5670 6014 6017
7042 8118 7335 7334
7043 3787 6056 1322 2016 2262
7054 8175 7853 7855 7854 8174
7055 6664 575
7056 7308 564
7061 1722
7063 638
7067 6034 838 6033 4751
7070 6094 5637 374
7083 1698 1697 1696 403 1694 1692 1693 4 402 1695
7089 3217
7090 6286
7092 4225 4233 491 1176 1257 2864
7093 1256
7094 1996 6150 1997
7101 5400 2596
7103 4453 8322
7104 8162 8163
7117 3807
7123 7125 550
7124 5965
7125 550 7123
7129 3094
7131 4546 1422
7132 2057
7133 2217 1861 2697 6718 3240 2870 7542 2696 477 8210 5737
7154 5523 3822 6531 5414 196
7155 818 6117
7157 6800 7431 6799 304 6798 303 7595
7158 2715
7161 31 8301 8302 624 3660 1467 623 5090 4389 1466 464 3095
7163 6662 7167
7164 3262 5491 5321 5320 920 117 3360
7167 7163 6662
7168 6525
7172 3721 3722 4191
7174 2587
7176 4739
7177 7209
7187 2906
7188 5875 3795
7189 2738
7191 5385 5988 5578 5579 1127 6291 1126 5577 3747
7192 4382
7193 6332
7194 2458 7599 5485
7196 2331
7201 718
7205 1901 315
7209 7177
7210 2225 6157 2226 4959
7211 4957
7213 794 8028
7214 2003 7901 1876 3285 1875 793
7215 1178 7918 1970
7217 2157 1045 2150 6201 2153 2152 2149 2156 2155 2154 2151
7218 2862 2871 230 1179 1521 229
7220 154 7745 8203
7221 7434
7222 8361
7223 5616 7797 7996 7517 2754
7224 873 7430 5487 3178 6780 5401 1939 118 5493
7226 5999 6006 6911 2244 5812 3407 2245 3364 7603 6002 7681 6001 6003 1990
7227 1967 1849 1848 837 4150 1189
7228 2199 69 2198 1502 2194
7229 8297 1292 8209
7233 3633 973 7380 5734 4744 429 4267 6255 953 5427 5099
7238 6151
7239 7988 2783 140 7989
7254 4118 1652
7258 5614 7273 1410 7280 5679 6788 1524 7264 2805 2785 1713
7259 5359
7261 4995 5838
7264 7258 5614 7273 1410 7280 5679 6788 1524 2805 2785 1713
7270 7293 3062 2338 3067 779 6789 1630 2339 3063 7281 5458 778 2737 1714 2337
7273 7258 5614 1410 7280 5679 6788 1524 7264 2805 2785 1713
7280 7258 5614 7273 1410 5679 6788 1524 7264 2805 2785 1713
7281 7293 3062 2338 3067 779 7270 6789 1630 2339 3063 5458 778 2737 1714 2337
7288 7297 3160 3161 3167 3164 3163 5791 695 697 1500 7289 3162 696 7290
7289 7297 3160 3161 3167 3164 3163 5791 695 697 1500 3162 7288 696 7290
7290 7297 3160 3161 3167 3164 3163 5791 695 697 1500 7289 3162 7288 696
7293 3062 2338 3067 779 7270 6789 1630 2339 3063 7281 5458 778 2737 1714 2337
7297 3160 3161 3167 3164 3163 5791 695 697 1500 7289 3162 7288 696 7290
7300 5224
7301 7304
7304 7301
7308 564 7056
7311 5410
7312 3770
7313 14 13 12 3961 1860 105
7315 4249
7316 593
7320 537 6772
7321 5005 7322 6030
7322 7321 5005 6030
7325 1747 6685 1751 6825 5296
7328 1491
7334 8118 7335 7042
7335 8118 7042 7334
7337 2782 2483 4884 4889 1512
7347 4856 5149 2827
7349 6901
7350 5510 1834 3078
7372 2356 3392 2473 2357 2471 2472 2260 144 145 2474 5906 2353 1873 283 2355 7635 2354
7380 3633 973 5734 7233 4744 429 4267 6255 953 5427 5099
7381 7382
7382 7381
7388 1375 2286
7389 4177 2971 2096
7396 5827 6578 3457 727
7403 1393 200 5429 852 1547
7405 8158 8166 8165 2987 8164 8161 3525 4068 4639 8167 8159
7407 3898 3899
7409 2841 2098
7423 1787
7424 1042 4374 5585 2499
7425 3835 3834 6657
7426 3804 4122 4908
7427 1286 2103 1287 5792 255 2101 2123 2113 2109 2105 4420 2117 2111 1616 2107
7430 873 5487 3178 6780 5401 1939 7224 118 5493
7431 6800 6799 304 6798 303 7595 7157
7434 7221
7439 7441 7440 6477 5257
7440 7441 7439 6477 5257
7441 7440 7439 6477 5257
7443 566
7447 1672 3207 2928 6223 2929 3635 7666
7452 3570 6472 4740 6392
7466 6205 5163 7467 2891 6207 6206
7467 6205 7466 5163 2891 6207 6206
7478 8040
7482 5498 5486 1623
7484 6156 1666
7490 1638 530 926
7498 1090
7499 3503 432 7500
7500 7499 3503 432
7501 1204 1947 1208 6706 738 7502
7502 1204 1947 1208 6706 738 7501
7507 5399 4221
7508 449
7509 7726
7512 5914
7513 513
7514 3875 4037 3876 2050
7515 7883 4091
7517 5616 7797 7996 7223 2754
7519 4111 3057 5729 4112 5689 4110
7522 6557 2676 2677 2678
7526 8173 8156 747
7538 1434 1432 7003 5068
7539 2315 5135
7540 746
7541 1185 7700
7542 2217 1861 7133 2697 6718 3240 2870 2696 477 8210 5737
7545 5826 3817 7643 5158 1614
7557 7558 199
7558 199 7557
7562 3470 851 3087 6447 276
7563 1613 3384 3718 5367 1612 285
7567 3351 3382 7739 3352 3349
7578 1082 7580 7583
7579 323 324 7022 8206
7580 1082 7578 7583
7583 1082 7580 7578
7585 2485
7591 1553
7592 7593 7594
7593 7594 7592
7594 7593 7592
7595 6800 7431 6799 304 6798 303 7157
7598 5499 6814 5497 5496 2459 5650
7599 2458 7194 5485
7601 1218
7603 5999 6006 6911 2244 5812 3407 2245 3364 7226 6002 7681 6001 6003 1990
7604 1516
7608 7609
7609 7608
7621 7623 7622
7622 7623 7621
7623 7621 7622
7625 5481
7632 1750 1615 8411 3293
7634 6905 4234
7635 2356 3392 2473 2357 2471 2472 2260 144 145 2474 5906 2353 1873 7372 283 2355 2354
7637 670 5959 2465 287 5155 2446 605 5154 1244 3608 4757 5156 4955 1887 1889
7642 4895 4078 2821
7643 5826 3817 7545 5158 1614
7650 7651 5291 7682 7683
7651 5291 7650 7682 7683
7652 6939 1515 3290
7657 7658
7658 7657
7662 6715 7817
7664 8358 5882
7666 1672 7447 3207 2928 6223 2929 3635
7669 6595
7672 6029 6507 1363
7673 992 3842 3090 4960 179 5119
7679 723
7681 5999 6006 6911 2244 5812 3407 2245 3364 7226 7603 6002 6001 6003 1990
7682 7651 5291 7650 7683
7683 7651 5291 7650 7682
7687 7990 87 3266 4903
7699 5620 2727 2726 6802
7700 1185 7541
7703 6036
7705 7706
7706 7705
7710 2302 2206 931
7712 647 1488
7715 1462 1167 6076 4942
7718 4281 4279 722
7726 7509
7731 1909 4948
7739 7567 3351 3382 3352 3349
7745 154 8203 7220
7747 2593 2699 6846 2878 6845 2614 158
7754 2284 2283 8240 6659 8239 3123 4387
7757 2084
7759 166 1092
7770 8405
7772 1660 7789
7773 3204 6168 6296 6295 3205 3547
7775 6599
7781 1211 5129
7789 1660 7772
7790 7957
7793 7011
7797 5616 7996 7517 7223 2754
7800 615 4963
7805 3194
7806 6623
7809 4764
7812 4007 4617 6158 2788
7813 8111 8128 7814 8127 8126 8125 4228 7816 8124 8115 4229 8112
7814 8111 8128 8127 8126 8125 4228 7816 8124 7813 8115 4229 8112
7816 8111 8128 7814 8127 8126 8125 4228 8124 7813 8115 4229 8112
7817 6715 7662
7822 4543 5424 3583 150
7823 3576 3577
7825 8134 4643 8141 8140 8142 3868 7827 8137 4633 7826 8135 8133 4844 8139 8136
7826 8134 7825 4643 8141 8140 8142 3868 7827 8137 4633 8135 8133 4844 8139 8136
7827 8134 7825 4643 8141 8140 8142 3868 8137 4633 7826 8135 8133 4844 8139 8136
7838 174 6529
7851 8379
7853 8175 7855 7854 7054 8174
7854 8175 7853 7855 7054 8174
7855 8175 7853 7854 7054 8174
7860 2555 597 6398 4976 6118
7865 3982
7878 3410
7883 4091 7515
7901 2003 1876 3285 1875 7214 793
7905 2268 1360 6450 7906 5807 2269
7906 2268 1360 6450 5807 7905 2269
7907 1928
7908 871 5339 870 8375 5341
7910 933
7912 5000
7918 1178 1970 7215
7948 5773 1060 1200 305 580 6018 5951
7950 6047 3255
7957 7790
7961 958 3469 3900
7963 4779 8138 745 4610 585
7967 4816
7971 5301 6730 6308 21 5131
7975 4170 5768 316 120
7976 2456 8340 2454 2296 2461 1485 972
7988 7239 2783 140 7989
7989 7239 7988 2783 140
7990 87 3266 7687 4903
7996 5616 7797 7517 7223 2754
8018 8019
8019 8018
8020 6669 8021
8021 8020 6669
8025 1246 1249
8027 6624
8028 794 7213
8030 5760
8036 8330 3278 3279 8329
8040 7478
8041 3170 2914 4628 4000 2915 3169
8042 4128
8056 3597 3318
8060 2721 2722
8061 4480
8062 2095 3347 2097
8063 6821
8066 8143 1674 1080
8068 4429
8071 1116 3314 6252 2438 5100 428
8072 6809 1648 3634 1649 2089
8077 326 7029 7028 7030 79 3731 2822 1622 4178 4630 1904
8086 8087 902
8087 8086 902
8088 5349 4006 5703 613 2463
8089 3536 5625
8090 5721
8097 1490
8100 3555 3556 3552 3665 1774 3553 2879 3557
8101 52 3463 941 6629 5904 942 3458 6722 6721 8371 5298 2689 2688
8103 8104
8104 8103
8111 8128 7814 8127 8126 8125 4228 7816 8124 7813 8115 4229 8112
8112 8111 8128 7814 8127 8126 8125 4228 7816 8124 7813 8115 4229
8115 8111 8128 7814 8127 8126 8125 4228 7816 8124 7813 4229 8112
8118 7335 7042 7334
8123 4707 726
8124 8111 8128 7814 8127 8126 8125 4228 7816 7813 8115 4229 8112
8125 8111 8128 7814 8127 8126 4228 7816 8124 7813 8115 4229 8112
8126 8111 8128 7814 8127 8125 4228 7816 8124 7813 8115 4229 8112
8127 8111 8128 7814 8126 8125 4228 7816 8124 7813 8115 4229 8112
8128 8111 7814 8127 8126 8125 4228 7816 8124 7813 8115 4229 8112
8133 8134 7825 4643 8141 8140 8142 3868 7827 8137 4633 7826 8135 4844 8139 8136
8134 7825 4643 8141 8140 8142 3868 7827 8137 4633 7826 8135 8133 4844 8139 8136
8135 8134 7825 4643 8141 8140 8142 3868 7827 8137 4633 7826 8133 4844 8139 8136
8136 8134 7825 4643 8141 8140 8142 3868 7827 8137 4633 7826 8135 8133 4844 8139
8137 8134 7825 4643 8141 8140 8142 3868 7827 4633 7826 8135 8133 4844 8139 8136
8138 4779 745 4610 585 7963
8139 8134 7825 4643 8141 8140 8142 3868 7827 8137 4633 7826 8135 8133 4844 8136
8140 8134 7825 4643 8141 8142 3868 7827 8137 4633 7826 8135 8133 4844 8139 8136
8141 8134 7825 4643 8140 8142 3868 7827 8137 4633 7826 8135 8133 4844 8139 8136
8142 8134 7825 4643 8141 8140 3868 7827 8137 4633 7826 8135 8133 4844 8139 8136
8143 1674 8066 1080
8144 8145
8145 8144
8146 1717
8149 3155 3156 1610
8153 4353 8172 3423 2635 5828 2642
8155 4352 759
8156 7526 8173 747
8157 4834 4835 6452
8158 8166 8165 2987 8164 8161 3525 7405 4068 4639 8167 8159
8159 8158 8166 8165 2987 8164 8161 3525 7405 4068 4639 8167
8161 8158 8166 8165 2987 8164 3525 7405 4068 4639 8167 8159
8162 7104 8163
8163 8162 7104
8164 8158 8166 8165 2987 8161 3525 7405 4068 4639 8167 8159
8165 8158 8166 2987 8164 8161 3525 7405 4068 4639 8167 8159
8166 8158 8165 2987 8164 8161 3525 7405 4068 4639 8167 8159
8167 8158 8166 8165 2987 8164 8161 3525 7405 4068 4639 8159
8168 5459 1441 1446 1440 1442 6910 4009 5467
8172 4353 3423 2635 8153 5828 2642
8173 7526 8156 747
8174 8175 7853 7855 7854 7054
8175 7853 7855 7854 7054 8174
8177 4070
8178 3040 5973 5950 2233 8179 1065 8180
8179 3040 5973 8178 5950 2233 1065 8180
8180 3040 5973 8178 5950 2233 8179 1065
8189 8191
8190 6933 6932
8191 8189
8203 154 7745 7220
8206 323 324 7022 7579
8207 1018 2346 2347 789 1220 1221 788
8209 8297 1292 7229
8210 2217 1861 7133 2697 6718 3240 2870 7542 2696 477 5737
8215 1405 1193 33 6318 1438
8232 1757 5781 5783 3152 5780 1913 5779
8233 5764 1059 5835
8234 3592
8236 6754 8237 2845 1395 2851 2850 2848 2846
8237 6754 2845 8236 1395 2851 2850 2848 2846
8238 853 6055 854 137 138 5280
8239 2284 2283 7754 8240 6659 3123 4387
8240 2284 2283 7754 6659 8239 3123 4387
8250 4248 849 3967 850
8254 2760
8255 4451
8266 1433 1530 1435
8276 6213 5913 6638 1067 3924
8278 6074 8279 3998 127
8279 6074 3998 127 8278
8280 1207 4747 4534 6922
8281 4691
8284 1637 1775 1776 4348 1699
8289 4855 3269 310 3270
8297 1292 8209 7229
8298 3357 839 1514
8301 31 8302 624 3660 1467 623 5090 4389 1466 464 3095 7161
8302 31 8301 624 3660 1467 623 5090 4389 1466 464 3095 7161
8307 2640 6258
8308 4286
8310 5007
8322 7103 4453
8329 8036 8330 3278 3279
8330 8036 3278 3279 8329
8340 2456 2454 2296 2461 1485 972 7976
8341 2179 1076 1103 1102
8357 2778 192 955 5127
8358 5882 7664
8360 3903
8361 7222
8371 52 3463 941 6629 5904 942 3458 6722 6721 5298 2689 2688 8101
8375 871 5339 870 5341 7908
8379 7851
8382 2916 4056 1217 6666
8390 5723
8391 4183
8393 4526 8394 8395
8394 4526 8395 8393
8395 4526 8394 8393
8397 9 8 6350 8398 2088 493 1977 3251
8398 9 8 6350 2088 493 1977 3251 8397
8401 3130 4985 700 1240 5772
8405 7770
8411 1750 1615 7632 3293
