3 1353
4 712
5 2316 2315 8421 1794 2314 586 2312 1795 2311 585 2313
8 5185
9 790 2771 8562 791
12 13 7624 9781 1150 706 834 1815 9780
13 12 7624 9781 1150 706 834 1815 9780
14 2974 4384 2973 2972 1982
15 8080 2435 8022 8552
16 18 17 5987 4484 2513 149
17 18 16 5987 4484 2513 149
18 17 16 5987 4484 2513 149
19 3672 8024
20 4364 1711
23 1392 4035 8273 4797 4424
28 6542 8055 2102 7110 6341
31 4804 2266 297
34 35
35 34
36 2290 7179 4194 592 6158 3934 1657 4694 8992
37 3503 7244 9551 7228 2976 9552 6677
38 711
39 1531 5871 41 40 7262
40 1531 5871 41 39 7262
41 1531 5871 40 39 7262
43 9678 9679 891 4726 553 890 6277 5536 2058 666 4059 2348 8522
44 292 7993 7992 5215
45 7521 1165 2621 1523
46 4896 6121
47 7069 7972
50 3667 3666 386
52 1999 1719 3141 1287 2030
58 5759 59 1286
59 58 5759 1286
60 6996
68 6859 1827 1184 2282 2281 2238 3971 7366
70 5335 2550 3191 6321 5285 5045 5284 6561
71 2111
74 4668 4237
80 873 1377 4693 7190 1378 872 8043 8042 9759 6537 3543 3542 9050
82 850 5393 7750 2852 83 2558 180 137 2716 4743
83 850 5393 7750 2852 2558 180 82 137 2716 4743
88 3096 3095
90 4125
91 9115 6123
96 3821 9051
97 2423
98 2933 2932 2098 2928 8585
105 106
106 105
108 3247 5271
109 7283 7290 3150 2989 7101 7672 3149 4437 1340 3908 3962 7286 9006 7285 7287 2688
110 2691 1297 1776
111 478 8373 8372 8374 4800 3725 805 6268 5314 2819 2580 5828
114 6256
115 3448 6371 4127 3134 1555
118 9317 5306 7063 169
119 120 121 3164 7224 7225
120 119 121 3164 7224 7225
121 120 119 3164 7224 7225
122 9334 1953 7000 1042
123 657
126 4900 1802 130 2453 4907 7421
129 7683 6585 1485 8377
130 4900 126 1802 2453 4907 7421
137 850 5393 7750 2852 83 2558 180 82 2716 4743
138 1487 6701 1230 2150 8746
144 1098 145
145 144 1098
146 915 914
148 6052
149 18 17 16 5987 4484 2513
150 9591 9440 6166 6076 272 8098
152 5910
154 1602 4335 311 6271 1236 6304 9427 620
155 8134 2262 4689 2264 7049 2263
160 166 163 3303 162 964 845 161 962 3304 3708
161 160 166 163 3303 162 964 845 962 3304 3708
162 160 166 163 3303 964 845 161 962 3304 3708
163 160 166 3303 162 964 845 161 962 3304 3708
164 4261 6760 6568 6567 8525 1338 4389
165 1258 5304 6153 4152 8108 2165 5783 2626 8583 3965
166 160 163 3303 162 964 845 161 962 3304 3708
167 3861 6635 6718 9032
168 465 4037 5695
169 9317 5306 7063 118
170 7196 2152 3583
171 7003 7423 7002 5934 1348 9476 6175 8223 7935 5884 3094
172 2515 1081 1080 607 1564
173 7484 8087 8805 3814 7486 7485
174 3873 7732 1212 3998
176 2874
180 850 5393 7750 2852 83 2558 82 137 2716 4743
181 7353 9662 5128 6495
185 4627 8394
189 193 190
190 189 193
191 4201 6486
192 650 3066 6055 6059 8679
193 189 190
198 1231 9622 7339 1232 199 6516
199 1231 9622 7339 1232 198 6516
200 7529 5178 2676 5177 1292 4110
201 2463 2343 3660 9332
205 3148 3079 3284 3151 3144 3283 3007 206 3285 2752 3145 2462 8710 419 3147 8963 3146
206 3148 3079 3284 3151 3144 3283 3007 205 3285 2752 3145 2462 8710 419 3147 8963 3146
207 3776 3790 345 6803 2117 344
209 4349
210 5261 1442
211 9394 5396 212
212 9394 5396 211
216 7316 5690 6696 4624
218 9538 5389 5390 6912
224 2858 3979 439 2857
225 7501 5287 7503 7048 9579 8581
226 250 1367 7333
227 1399 3222 1876 5797 4077 228 4884 1394 1400
228 1399 3222 1876 5797 227 4077 4884 1394 1400
229 3420 3554 9072 6031 3800 8174 2643
230 3671
231 1329 3221 3104 3108 1013
234 4010 1532 1726 9293 235 6154 7229
235 4010 1532 1726 9293 234 6154 7229
236 237 3071 4872 3070 2959 1300 3069 1205
237 3071 4872 3070 2959 236 1300 3069 1205
238 4851 1883
239 4956 2501
240 1005 4069 4922
241 929 977 1004
242 5868
244 7668 4434 7666
248 2417
249 3495
250 1367 7333 226
251 9172 7807
254 5853 9543 8789 3924 9542 9428 4556 7495 5812 6077 9539
256 696 6958 1365 3905 9073
257 3162 258 3168 628 3116 3161 3160
258 257 3162 3168 628 3116 3161 3160
261 8999 1445 4952 4055 6137 6323 6322
262 3242 9129 8851 8582 3617
263 1791
264 1515 2877 299 6285 2880 2879 2876 2883 2882 2881 2878
269 7308 7306
272 9591 150 9440 6166 6076 8098
273 2581 6794 274 2459
274 2581 6794 2459 273
275 6967
277 6110 7903 1899 1266 278 4252
278 6110 7903 277 1899 1266 4252
280 4481 5252
281 2376 9788 2610 1751 1009
284 7818 3648 3892 1395 6338
287 721
291 4729 4933 4808 8514 6685 4632
292 44 7993 7992 5215
293 1039
294 8893 8892
295 5006 1462 3650
296 1333 1332 1331 2251 6909 5551 2816 2764 2252 2808
297 31 4804 2266
298 1571
299 264 1515 2877 6285 2880 2879 2876 2883 2882 2881 2878
302 4399 6519 6522
308 3142 3140
311 1602 4335 6271 1236 154 6304 9427 620
316 7021
321 6970 7590 6043
325 4925 8880 8971 6363 2225
332 1830 3017 3375 7237 4628 3016 2258 3374 3370 3371 719 1853 5669 3369
333 815 1499 334
334 815 1499 333
335 723
344 3776 3790 345 6803 207 2117
345 3776 3790 6803 207 2117 344
364 961 7236 3152 8107 425 6361 859 6360 905 1789 8403 5929 3153 6131 2547 2549 8964
365 4100 366 3447 1206 9783 5092
366 4100 3447 365 1206 9783 5092
367 1745 4026
368 6036 369 7812
369 6036 368 7812
370 9027
374 375
375 374
377 3031 5914 2243 6024
380 1849 2829 1850 7086 2827 2851 2840 2836 2831 2832 3655 2844 2838 2226 2834 8151
385 6104 7377 6105 1336
386 50 3667 3666
390 3618 391
391 390 3618
399 5875 7218 6980 6454 7219
400 9680 4516
401 8339
405 531 1208 5180 5179 5355
410 3824 1227 4053 7716 5245
418 4769
419 3148 3079 3284 3151 3144 3283 3007 205 206 3285 2752 3145 2462 8710 3147 8963 3146
421 6823 5288
423 2224 4413 1694 3137 1226 5246 8897
425 961 7236 3152 8107 6361 364 859 6360 905 1789 8403 5929 3153 6131 2547 2549 8964
427 7253 4842
428 1901
429 774
434 4782
435 4810 2815 4449
436 5955 9514 9156 5782 835 9306 9580
437 3871 5047
438 5726 7819
439 224 2858 3979 2857
446 8128 2023 8127 447 8126 8926 8517
447 8128 2023 8127 8126 446 8926 8517
450 5051 3119 4589 1938
452 1305 4969 832 2938
453 6027 4269 454 4008
454 453 6027 4269 4008
456 1381 1664 4081 1630 4272 1628
460 7660
463 8568 2577
465 4037 168 5695
466 893 3539 5282 3536 911 3535 912
472 473 5555 9582 7312
473 472 5555 9582 7312
477 7358
478 8373 8372 8374 111 4800 3725 805 6268 5314 2819 2580 5828
482 8901
486 487
487 486
491 4688 5881 4669 7031 8589 3595 621 5406 7030 7530 1393 6699 6303
492 2957 2983 3551 8036 4236 3789 675 2551 679 9450 7034 8755
493 4492 4489 4488 494
494 4492 4489 493 4488
497 1589
498 499
499 498
506 2657 1758 2500 715 7658 1712
511 4344 1877
514 516 1319 515 517 7193
515 514 516 1319 517 7193
516 514 1319 515 517 7193
517 514 516 1319 515 7193
518 5074 950 949 519
519 518 5074 950 949
521 2027 2380 6261 8873
522 5683
529 4235
531 1208 5180 405 5179 5355
533 5192 5193
536 1308 1309
548 2588 4897 2584 8159 8410 8720
550 876 1900 2552
551 3836 875 1396
553 43 9678 9679 891 4726 890 6277 5536 2058 666 4059 2348 8522
567 786 2908
574 577 576 575 4483
575 577 576 4483 574
576 577 575 4483 574
577 576 575 4483 574
582 7839
585 2316 2315 8421 1794 2314 586 2312 1795 2311 5 2313
586 2316 2315 8421 1794 2314 2312 1795 2311 5 585 2313
589 4016 3060
591 9489 7595 8499 8384
592 2290 7179 4194 6158 3934 1657 4694 8992 36
595 8900 4412 4382 4381 4379
596 6820 602 882 598 603 599
598 6820 602 596 882 603 599
599 6820 602 596 882 598 603
602 6820 596 882 598 603 599
603 6820 602 596 882 598 599
606 3565 1797 4166 3441 1798 4167
607 172 2515 1081 1080 1564
608 3500 7715 4213 9351 1328
609 7897 610 6589
610 7897 609 6589
615 665 5825 9557 2301 7117 2300
616 2630 3748
617 1123 989
618 3036 619
619 618 3036
620 1602 4335 311 6271 1236 154 6304 9427
621 4688 491 5881 4669 7031 8589 3595 5406 7030 7530 1393 6699 6303
622 6503 5072 7087 5567 6504 2227 4436 3740 8635 5071
625 8835 626 8836 4257
626 8835 625 8836 4257
628 257 3162 258 3168 3116 3161 3160
629 4316 4317 3778 3670
639 2156 3296
642 7556 4195 1100 2606 3798 7837 5641
645 8076 9620 3754 9619 1981 3759 3758 3756
649 3112 2772 5911 3509 8136 8135 7465 3572 8138
650 3066 6055 6059 8679 192
651 1856 652 7984
652 1856 651 7984
653 2105 8048
657 123
658 1019 4883
659 660
660 659
661 7803 7802
663 6414
664 3402
665 5825 615 9557 2301 7117 2300
666 43 9678 9679 891 4726 553 890 6277 5536 2058 4059 2348 8522
675 2957 492 2983 3551 8036 4236 3789 2551 679 9450 7034 8755
676 2873 2870 1182 2869 2865 3446 680 2864 3341 2868 2867 2866 2863
677 7390 4009 6102 8366 2172
678 4312 7968 9626
679 2957 492 2983 3551 8036 4236 3789 675 2551 9450 7034 8755
680 2873 2870 1182 2869 2865 3446 676 2864 3341 2868 2867 2866 2863
681 5038 3928 4513 3419 8035 6793 4512
682 2496 2719 1510 683 2717 2718 917
683 2496 2719 1510 682 2717 2718 917
686 8996
687 1625 6239 2671 688
688 687 1625 6239 2671
690 7892
695 6956 6955 2241
696 6958 1365 3905 9073 256
697 1658
701 4029 4028
704 5362 5371 5321 1698 1811 1218
706 13 12 7624 9781 1150 834 1815 9780
709 1512 5516 6844 4291
711 38
712 4
713 1640 2350 1460 4798
715 2657 1758 2500 506 7658 1712
716 9392 1257 3846 5801 5131 1951
718 2004 2005 1557 1558
719 1830 3017 3375 7237 4628 3016 2258 3374 3370 3371 1853 5669 3369 332
720 2619 6370 2613 2616 7941
721 287
722 3870
723 335
725 3983 1605 4308 3502 3982
726 3000 8019 4119 4306 4307
735 1941
737 4001
738 4572
739 3310 3311
740 6885 7916 1538 4567
752 2054 1685 7355 6115
758 6727 2247 1351
759 4659 2232 6946
760 1542
762 7443
763 5842 2984
764 2390
765 7119 2614
766 767
767 766
768 8667 7970
770 5452 7178
771 4418 2731
772 2761 7177
774 429
778 2135
779 2134
780 781
781 780
782 8462 8460
784 8711 7438 2284
785 836 3015 7289 4062
786 567 2908
787 4420
790 2771 9 8562 791
791 790 2771 9 8562
796 7772
798 8950 7352 5862 9195 8131
799 3451
805 478 8373 8372 8374 111 4800 3725 6268 5314 2819 2580 5828
809 4021 4401
811 8656 1814
812 5661 4673 4563
815 1499 333 334
816 4986
817 5780 6583
824 825 826
825 826 824
826 825 824
830 6282 6060 6056 2106
831 6265
832 1305 4969 2938 452
833 3646 6861
834 13 12 7624 9781 1150 706 1815 9780
835 5955 9514 9156 436 5782 9306 9580
836 3015 7289 785 4062
837 7885
839 4809 4083 8348
840 7338 3822
842 8663
845 160 166 163 3303 162 964 161 962 3304 3708
846 1692 8369 2308 5943 5947 847 2306 5387 1295
847 1692 8369 2308 5943 5947 846 2306 5387 1295
850 5393 7750 2852 83 2558 180 82 137 2716 4743
851 3376 9200 7670 4796 3377
852 3159
854 3734
859 961 7236 3152 8107 425 6361 364 6360 905 1789 8403 5929 3153 6131 2547 2549 8964
861 4888 2336
868 8268
869 8954 8952 8953 2900 8734
872 80 873 1377 4693 7190 1378 8043 8042 9759 6537 3543 3542 9050
873 80 1377 4693 7190 1378 872 8043 8042 9759 6537 3543 3542 9050
875 3836 551 1396
876 1900 550 2552
877 9457 6600 5135 6992 3279
878 3308 5080 3799
880 9132 7433 5428
882 6820 602 596 598 603 599
884 1488 4771
885 3577 3944 3937 3578
886 4779
890 43 9678 9679 891 4726 553 6277 5536 2058 666 4059 2348 8522
891 43 9678 9679 4726 553 890 6277 5536 2058 666 4059 2348 8522
892 7764 5014 7594 1854 7773 2742
893 466 3539 5282 3536 911 3535 912
903 3135
904 6540 6187
905 961 7236 3152 8107 425 6361 364 859 6360 1789 8403 5929 3153 6131 2547 2549 8964
906 1265 3689 6821 3690
909 6787 1144 1143 1142 1140 1138 1139 6022
910 5945 4547 4934
911 893 466 3539 5282 3536 3535 912
912 893 466 3539 5282 3536 911 3535
913 7923
914 915 146
915 914 146
917 2496 2719 1510 683 682 2717 2718
919 2389 1697
921 4525 2083
922 9030 967
923 5592
924 2298 2297 3349 1269 2296 7089
927 3335 1566 3336
928 4368 5678
929 241 977 1004
930 1650 9107
936 951
937 1479 946 945 947 943 944 948
943 1479 946 937 945 947 944 948
944 1479 946 937 945 947 943 948
945 1479 946 937 947 943 944 948
946 1479 937 945 947 943 944 948
947 1479 946 937 945 943 944 948
948 1479 946 937 945 947 943 944
949 518 5074 950 519
950 518 5074 949 519
951 936
958 6375 5685 6373 6374
961 7236 3152 8107 425 6361 364 859 6360 905 1789 8403 5929 3153 6131 2547 2549 8964
962 160 166 163 3303 162 964 845 161 3304 3708
964 160 166 163 3303 162 845 161 962 3304 3708
965 966
966 965
967 922 9030
968 9519 2292 9418
971 5168
977 929 241 1004
979 980
980 979
981 2730 3936
986 1023 1022
988 5631 4565 6886
989 1123 617
990 5296 5291
991 1032
995 1103 6693 4108 4107 4109 4104
997 7067
998 3293 2982 3292 3291 3294
999 4082 2669
1000 2670 1092 1120
1004 929 241 977
1005 240 4069 4922
1008 4130 2101 3808 2749 2748 1954
1009 2376 281 9788 2610 1751
1010 4232 4136 4137 4141 4139 3087 5591 1012 2096 8351 4138 6430 1011 8642
1011 4232 4136 4137 4141 4139 3087 5591 1010 1012 2096 8351 4138 6430 8642
1012 4232 4136 4137 4141 4139 3087 5591 1010 2096 8351 4138 6430 1011 8642
1013 1329 3221 231 3104 3108
1019 658 4883
1022 986 1023
1023 986 1022
1024 6006
1028 7566
1032 991
1036 3779 5420 3780 5419
1037 9627 5693
1039 293
1042 9334 122 1953 7000
1045 9496 5885
1046 5260 8737 7617 1443
1048 1216 3432
1051 6164 3767
1052 2351 4578 9144
1056 1057
1057 1056
1059 4497 4496 3464 2750
1065 1738 2631 1742 3656 8838 8837
1067 1072
1068 1074
1071 6034
1072 1067
1074 1068
1075 8875
1076 6555 6157 3478 5527 8503 9536
1077 4299 4862 8614 6875 6280 2002 4030 6951 3600 2121 8622 3700 3661
1080 172 2515 1081 607 1564
1081 172 2515 1080 607 1564
1082 6449 6906
1087 4280 1088 1090 1089
1088 4280 1090 1087 1089
1089 4280 1088 1090 1087
1090 4280 1088 1087 1089
1091 5492 9031 6644 9535
1092 2670 1120 1000
1093 2287 2286 2283 1757 4588 4587
1095 3008 3114 3113 2242
1096 2063
1098 144 145
1100 7556 4195 2606 3798 7837 5641 642
1101 3139
1103 6693 4108 4107 4109 4104 995
1112 5442 4214 1113 2371 7558 5993
1113 5442 4214 1112 2371 7558 5993
1114 8079 4023 3128 1977 1115 8627 3662 2129 1190 4024 8636 6730 3599 2335 3127
1115 8079 4023 3128 1977 8627 3662 2129 1190 4024 8636 6730 1114 3599 2335 3127
1119 2128 3486
1120 2670 1092 1000
1121 1122
1122 1121
1123 989 617
1124 4713
1125 3260
1126 8424 5689
1129 6447
1131 1693 4494 4491
1132 2677 1220 5062 4984 5918 3601
1133 2709 9239 2534 4301 2533 8578 3968
1134 9375 1618 3081
1137 1535 9616 1828
1138 6787 1144 1143 1142 909 1140 1139 6022
1139 6787 1144 1143 1142 909 1140 1138 6022
1140 6787 1144 1143 1142 909 1138 1139 6022
1141 4367
1142 6787 1144 1143 909 1140 1138 1139 6022
1143 6787 1144 1142 909 1140 1138 1139 6022
1144 6787 1143 1142 909 1140 1138 1139 6022
1146 5204 5279 1147
1147 5204 1146 5279
1150 13 12 7624 9781 706 834 1815 9780
1157 3835
1163 2196 2195
1164 7389 7388 3350 1583 2744
1165 7521 45 2621 1523
1167 2424
1170 1534 3530 1533
1171 7637 5190
1173 8515 4631
1176 4545
1177 6274
1182 2873 2870 2869 2865 3446 680 676 2864 3341 2868 2867 2866 2863
1184 6859 1827 68 2282 2281 2238 3971 7366
1187 6444
1189 2918
1190 8079 4023 3128 1977 1115 8627 3662 2129 4024 8636 6730 1114 3599 2335 3127
1191 1855 8791 8586
1192 5138 4968 4966 4967 4963 4962 4960 4965
1198 8407 7315 7314 5925
1199 6873 3255
1200 6376
1201 4385 8002 9675 2109
1202 5679
1205 237 3071 4872 3070 2959 236 1300 3069
1206 4100 366 3447 365 9783 5092
1208 531 5180 405 5179 5355
1209 1521 6625
1211 5369
1212 3873 174 7732 3998
1216 1048 3432
1218 5362 5371 5321 704 1698 1811
1220 2677 1132 5062 4984 5918 3601
1221 6152 1867 7981 5722 4505 1550 6721
1222 5386 5087 1223 9635
1223 5386 1222 5087 9635
1226 2224 4413 1694 3137 423 5246 8897
1227 3824 4053 7716 410 5245
1230 1487 138 6701 2150 8746
1231 9622 7339 1232 198 199 6516
1232 1231 9622 7339 198 199 6516
1234 6452 4875 4683 9452 1895 1457 2728 5054 3009
1236 1602 4335 311 6271 154 6304 9427 620
1243 6609
1253 1254 6588 9760 6590 9244
1254 6588 1253 9760 6590 9244
1256 4142 5903
1257 9392 3846 5801 5131 1951 716
1258 5304 6153 4152 8108 2165 5783 2626 8583 165 3965
1265 3689 906 6821 3690
1266 6110 7903 277 1899 278 4252
1267 8106 1601 8104 1599 1598 3039 8102
1268 7447 9103 6235 7561 4191 4574
1269 2298 2297 3349 924 2296 7089
1271 3415 2762 4527 4510 6529
1277 9396 7671
1278 1716 8846 4994 4991
1285 6211 5341 1291
1286 58 5759 59
1287 1999 1719 52 3141 2030
1291 6211 1285 5341
1292 7529 5178 2676 5177 200 4110
1293 1822 1824 1890 1823
1294 6111 3358 3359 9757
1295 1692 8369 2308 5943 5947 846 847 2306 5387
1297 2691 1776 110
1300 237 3071 4872 3070 2959 236 3069 1205
1304 9454 7434
1305 4969 832 2938 452
1308 536 1309
1309 536 1308
1316 5671
1317 4393 9261 2665 6186
1318 6573 9522
1319 514 516 515 517 7193
1322 3378
1326 9469 2707
1328 3500 7715 608 4213 9351
1329 3221 231 3104 3108 1013
1331 1333 296 1332 2251 6909 5551 2816 2764 2252 2808
1332 1333 296 1331 2251 6909 5551 2816 2764 2252 2808
1333 296 1332 1331 2251 6909 5551 2816 2764 2252 2808
1334 2891 2890 2885 3088 2889 2892 1993 2888 2887 2886 2884
1336 6104 7377 6105 385
1338 4261 6760 6568 6567 8525 164 4389
1340 7283 7290 3150 2989 7101 7672 3149 4437 109 3908 3962 7286 9006 7285 7287 2688
1344 6383
1348 7003 7423 7002 5934 9476 6175 8223 7935 5884 171 3094
1351 6727 2247 758
1353 3
1355 6410
1357 3057 2941 9026
1359 9249
1360 8444 3475
1364 7130 5648 2574 2285
1365 696 6958 3905 9073 256
1367 250 7333 226
1370 1371 1680
1371 1680 1370
1376 7026
1377 80 873 4693 7190 1378 872 8043 8042 9759 6537 3543 3542 9050
1378 80 873 1377 4693 7190 872 8043 8042 9759 6537 3543 3542 9050
1381 1664 4081 1630 456 4272 1628
1387 1388
1388 1387
1389 5930 6697 4813 2809
1390 6411
1392 4035 8273 4797 23 4424
1393 4688 491 5881 4669 7031 8589 3595 621 5406 7030 7530 6699 6303
1394 1399 3222 1876 5797 227 4077 228 4884 1400
1395 7818 3648 284 3892 6338
1396 3836 875 551
1399 3222 1876 5797 227 4077 228 4884 1394 1400
1400 1399 3222 1876 5797 227 4077 228 4884 1394
1402 5022 4507 6748 4915
1415 4670 9093 7356
1418 3274 9098 3272 3049 1642 2925 4914
1419 2438
1420 5263 2903 2902 2901 2898 2904 2893
1441 3085 8491 6344
1442 210 5261
1443 5260 8737 7617 1046
1444 7942
1445 8999 4952 4055 6137 6323 261 6322
1446 1447 4652 4953
1447 1446 4652 4953
1456 2847
1457 6452 4875 4683 9452 1234 1895 2728 5054 3009
1460 713 1640 2350 4798
1462 295 5006 3650
1477 7240
1479 946 937 945 947 943 944 948
1482 3907
1485 7683 6585 8377 129
1487 138 6701 1230 2150 8746
1488 884 4771
1499 815 333 334
1502 5201 1503 2745 4874 5200
1503 5201 1502 2745 4874 5200
1510 2496 2719 683 682 2717 2718 917
1512 5516 6844 4291 709
1515 264 2877 299 6285 2880 2879 2876 2883 2882 2881 2878
1518 2647
1519 3097
1520 4857 4855
1521 1209 6625
1523 7521 45 1165 2621
1524 2047
1525 3315
1526 3316
1529 1620 2464 3728 1530
1530 1529 1620 2464 3728
1531 5871 41 40 39 7262
1532 4010 1726 9293 234 235 6154 7229
1533 1170 1534 3530
1534 1170 3530 1533
1535 1137 9616 1828
1536 7171
1538 6885 7916 740 4567
1542 760
1544 7498 4038 3061 9661 5041
1546 4672 2393 3306 2368 2410
1550 6152 1867 7981 1221 5722 4505 6721
1553 7210
1555 3448 6371 4127 115 3134
1556 3847 4248 9765 7973
1557 2004 718 2005 1558
1558 2004 718 2005 1557
1563 6118 2906 2907 3050 1586 1585 9436
1564 172 2515 1081 1080 607
1565 8916 5826
1566 3335 3336 927
1567 8912 8911 8915
1568 2132 2136 2133 2131 3811 3813
1569 1668 6982
1571 298
1572 6155
1578 7145 1582 6651
1582 7145 1578 6651
1583 1164 7389 7388 3350 2744
1585 6118 2906 1563 2907 3050 1586 9436
1586 6118 2906 1563 2907 3050 1585 9436
1589 497
1593 7273 7074
1594 6936 4744 6935
1598 8106 1601 8104 1599 3039 8102 1267
1599 8106 1601 8104 1598 3039 8102 1267
1600 3385 9217 3387 1835 3541 3383 1857 3384 3379 3386 3760 1831 3381
1601 8106 8104 1599 1598 3039 8102 1267
1602 4335 311 6271 1236 154 6304 9427 620
1603 5167 4105 5675 1948
1605 3983 4308 3502 725 3982
1611 5621
1614 5621
1616 6657 6067 6839 6840 1619 6231 6838 4827 8553
1617 7604 8555
1618 1134 9375 3081
1619 6657 6067 6839 6840 6231 1616 6838 4827 8553
1620 1529 2464 3728 1530
1621 3353
1622 3354
1623 5298 1624
1624 5298 1623
1625 687 6239 2671 688
1628 1381 1664 4081 1630 456 4272
1630 1381 1664 4081 456 4272 1628
1631 6945 3891
1637 7407
1638 9303
1639 2025
1640 713 2350 1460 4798
1642 3274 9098 3272 3049 2925 1418 4914
1650 930 9107
1657 2290 7179 4194 592 6158 3934 4694 8992 36
1658 697
1659 3364 3365 3366
1663 8101
1664 1381 4081 1630 456 4272 1628
1667 2406 2407 3651 2317 9665
1668 6982 1569
1669 1687
1673 8010 3288
1676 7126
1680 1371 1370
1685 2054 752 7355 6115
1687 1669
1688 2309 4471 4784 1689
1689 2309 4471 4784 1688
1692 8369 2308 5943 5947 846 847 2306 5387 1295
1693 4494 1131 4491
1694 2224 4413 3137 1226 423 5246 8897
1695 2395 5448
1697 2389 919
1698 5362 5371 5321 704 1811 1218
1704 2039 5954
1708 9018 8876
1709 1710 6380 6377
1710 6380 6377 1709
1711 4364 20
1712 2657 1758 2500 506 715 7658
1716 8846 4994 4991 1278
1718 8190 3138 6372
1719 1999 52 3141 1287 2030
1721 2239
1722 6541 6834
1725 2245 7005 4377 2123
1726 4010 1532 9293 234 235 6154 7229
1728 2383 7077 9615 7079 7081 7076 2597 2215
1729 2611
1733 4192 4573 4571
1738 2631 1742 3656 1065 8838 8837
1739 2293 2295 2289 2288 1740
1740 2293 1739 2295 2289 2288
1741 9663 5919 5682 1743
1742 1738 2631 3656 1065 8838 8837
1743 9663 1741 5919 5682
1745 4026 367
1746 2202
1749 3399 4000 3398 2521 6490
1750 2268 3400 8843 2265
1751 2376 281 9788 2610 1009
1755 8485
1756 8932
1757 2287 2286 2283 1093 4588 4587
1758 2657 2500 506 715 7658 1712
1765 4646
1766 3172
1768 9408 3574
1774 1775
1775 1774
1776 2691 1297 110
1784 9710
1788 5593 7574 5594
1789 961 7236 3152 8107 425 6361 364 859 6360 905 8403 5929 3153 6131 2547 2549 8964
1790 2036
1791 263
1792 5224
1794 2316 2315 8421 2314 586 2312 1795 2311 5 585 2313
1795 2316 2315 8421 1794 2314 586 2312 2311 5 585 2313
1796 9371 1799 2956 4586 8558
1797 3565 4166 3441 1798 4167 606
1798 3565 1797 4166 3441 4167 606
1799 1796 9371 2956 4586 8558
1802 4900 126 130 2453 4907 7421
1805 1813
1810 7259
1811 5362 5371 5321 704 1698 1218
1812 7128
1813 1805
1814 8656 811
1815 13 12 7624 9781 1150 706 834 9780
1820 8461
1822 1824 1890 1823 1293
1823 1822 1824 1890 1293
1824 1822 1890 1823 1293
1827 6859 68 1184 2282 2281 2238 3971 7366
1828 1137 1535 9616
1829 5832 2487 4043
1830 3017 3375 7237 4628 3016 2258 3374 3370 3371 719 1853 5669 3369 332
1831 3385 9217 3387 1835 3541 3383 1857 1600 3384 3379 3386 3760 3381
1835 3385 9217 3387 3541 3383 1857 1600 3384 3379 3386 3760 1831 3381
1837 1842 2249 2250
1839 6143
1842 1837 2249 2250
1849 2829 1850 7086 380 2827 2851 2840 2836 2831 2832 3655 2844 2838 2226 2834 8151
1850 1849 2829 7086 380 2827 2851 2840 2836 2831 2832 3655 2844 2838 2226 2834 8151
1853 1830 3017 3375 7237 4628 3016 2258 3374 3370 3371 719 5669 3369 332
1854 7764 5014 7594 892 7773 2742
1855 1191 8791 8586
1856 652 651 7984
1857 3385 9217 3387 1835 3541 3383 1600 3384 3379 3386 3760 1831 3381
1858 3130 3817
1860 3018 1937 7721 4224 9241 3019
1862 5290
1863 3685
1867 6152 7981 1221 5722 4505 1550 6721
1871 1872
1872 1871
1873 5523 3816
1876 1399 3222 5797 227 4077 228 4884 1394 1400
1877 4344 511
1878 3587
1883 4851 238
1890 1822 1824 1823 1293
1891 7152
1892 4992 7813
1893 3856
1894 3935
1895 6452 4875 4683 9452 1234 1457 2728 5054 3009
1896 1898
1897 5311 6944 2433 7025 5294 7024 3701 4951 7176
1898 1896
1899 6110 7903 277 1266 278 4252
1900 876 550 2552
1901 428
1903 6287
1904 1905
1905 1904
1906 7769 4718
1909 2736
1910 1916
1911 1918
1912 7524 1921 1913
1913 7524 1921 1912
1916 1910
1917 2794 7523
1918 1911
1920 4619
1921 7524 1912 1913
1922 6710 1924
1923 1925
1924 1922 6710
1925 1923
1933 5249
1937 3018 7721 4224 1860 9241 3019
1938 5051 3119 4589 450
1941 735
1942 8998 2345 7785 7309
1943 2344
1944 2342
1945 2340
1948 1603 5167 4105 5675
1949 4094 7659
1950 4791 4792
1951 9392 1257 3846 5801 5131 716
1953 9334 122 7000 1042
1954 4130 2101 1008 3808 2749 2748
1956 6346 6345 5119 4370
1957 8729 3037
1964 2640 2488 2489 4163
1966 4366
1967 9197
1968 6525
1977 8079 4023 3128 1115 8627 3662 2129 1190 4024 8636 6730 1114 3599 2335 3127
1979 5253 4128 2684
1981 8076 9620 3754 9619 3759 3758 3756 645
1982 14 2974 4384 2973 2972
1984 5756
1985 3382
1987 7187 6870 9068 9069 2421 9005 6978 2821
1993 2891 2890 2885 3088 2889 1334 2892 2888 2887 2886 2884
1994 2710 3075 6320 3844
1995 5019 8749
1997 3048
1998 5938
1999 1719 52 3141 1287 2030
2002 4299 4862 8614 6875 6280 4030 6951 3600 2121 8622 3700 3661 1077
2004 718 2005 1557 1558
2005 2004 718 1557 1558
2012 3886 6042
2014 5692 8488
2019 4435
2020 7066
2023 8128 8127 447 8126 446 8926 8517
2025 1639
2026 8350 2379 2127 2028
2027 521 2380 6261 8873
2028 8350 2026 2379 2127
2030 1999 1719 52 3141 1287
2032 9544 6732 2033 2037 2034 8265 5139 6740
2033 9544 6732 2037 2032 2034 8265 5139 6740
2034 9544 6732 2033 2037 2032 8265 5139 6740
2036 1790
2037 9544 6732 2033 2032 2034 8265 5139 6740
2039 5954 1704
2041 7884 2375 5494
2047 1524 3678
2048 4734
2054 1685 752 7355 6115
2055 8077 3275
2056 5338
2057 4655 2447
2058 43 9678 9679 891 4726 553 890 6277 5536 666 4059 2348 8522
2063 1096
2070 6269 7589 2082
2080 2081
2081 2080
2082 6269 2070 7589
2083 4525 921
2085 8673
2086 9464
2087 2735 2088
2088 2735 2087
2092 5010 5009
2096 4232 4136 4137 4141 4139 3087 5591 1010 1012 8351 4138 6430 1011 8642
2097 2099
2098 2933 98 2932 2928 8585
2099 2097
2100 2579
2101 4130 1008 3808 2749 2748 1954
2102 6542 8055 28 7110 6341
2105 8048 653
2106 830 6282 6060 6056
2109 4385 8002 1201 9675
2110 5651 4311 6305
2111 71
2117 3776 3790 345 6803 207 344
2118 6246 6882
2121 4299 4862 8614 6875 6280 2002 4030 6951 3600 8622 3700 3661 1077
2123 2245 1725 7005 4377
2124 2442 3023 3022 5630 2364
2126 7411 2607 4486
2127 8350 2026 2379 2028
2128 1119 3486
2129 8079 4023 3128 1977 1115 8627 3662 1190 4024 8636 6730 1114 3599 2335 3127
2130 4288 4286 4287
2131 2132 2136 2133 1568 3811 3813
2132 2136 2133 1568 2131 3811 3813
2133 2132 2136 1568 2131 3811 3813
2134 779
2135 778
2136 2132 2133 1568 2131 3811 3813
2142 2585
2144 9442 7531
2150 1487 138 6701 1230 8746
2151 5691 3280 4345
2152 170 7196 3583
2153 5004
2154 5005
2156 3296 639
2157 8922 8329
2165 1258 5304 6153 4152 8108 5783 2626 8583 165 3965
2172 7390 4009 6102 677 8366
2176 3829
2195 1163 2196
2196 1163 2195
2201 2204 4025
2202 1746
2203 7875
2204 4025 2201
2215 2383 7077 9615 7079 7081 1728 7076 2597
2216 4430
2221 8058 4129 2696
2224 4413 1694 3137 1226 423 5246 8897
2225 325 4925 8880 8971 6363
2226 1849 2829 1850 7086 380 2827 2851 2840 2836 2831 2832 3655 2844 2838 2834 8151
2227 6503 5072 7087 5567 6504 622 4436 3740 8635 5071
2229 3901
2232 4659 759 6946
2236 6766 6756 8820
2238 6859 1827 68 1184 2282 2281 3971 7366
2239 1721
2241 695 6956 6955
2242 1095 3008 3114 3113
2243 377 3031 5914 6024
2245 1725 7005 4377 2123
2247 6727 758 1351
2249 1837 1842 2250
2250 1837 1842 2249
2251 1333 296 1332 1331 6909 5551 2816 2764 2252 2808
2252 1333 296 1332 1331 2251 6909 5551 2816 2764 2808
2258 1830 3017 3375 7237 4628 3016 3374 3370 3371 719 1853 5669 3369 332
2260 6641
2262 8134 4689 2264 7049 2263 155
2263 8134 2262 4689 2264 7049 155
2264 8134 2262 4689 7049 2263 155
2265 2268 3400 8843 1750
2266 31 4804 297
2267 4386 5250
2268 3400 8843 1750 2265
2270 4520
2280 8094 4133 9102
2281 6859 1827 68 1184 2282 2238 3971 7366
2282 6859 1827 68 1184 2281 2238 3971 7366
2283 2287 2286 1093 1757 4588 4587
2284 784 8711 7438
2285 7130 1364 5648 2574
2286 2287 2283 1093 1757 4588 4587
2287 2286 2283 1093 1757 4588 4587
2288 2293 1739 2295 2289 1740
2289 2293 1739 2295 2288 1740
2290 7179 4194 592 6158 3934 1657 4694 8992 36
2291 2999 2998 2443 2997 7059 5281 2996 5094
2292 9519 9418 968
2293 1739 2295 2289 2288 1740
2295 2293 1739 2289 2288 1740
2296 2298 2297 3349 1269 924 7089
2297 2298 3349 1269 924 2296 7089
2298 2297 3349 1269 924 2296 7089
2299 4126
2300 665 5825 615 9557 2301 7117
2301 665 5825 615 9557 7117 2300
2306 1692 8369 2308 5943 5947 846 847 5387 1295
2308 1692 8369 5943 5947 846 847 2306 5387 1295
2309 4471 4784 1689 1688
2311 2316 2315 8421 1794 2314 586 2312 1795 5 585 2313
2312 2316 2315 8421 1794 2314 586 1795 2311 5 585 2313
2313 2316 2315 8421 1794 2314 586 2312 1795 2311 5 585
2314 2316 2315 8421 1794 586 2312 1795 2311 5 585 2313
2315 2316 8421 1794 2314 586 2312 1795 2311 5 585 2313
2316 2315 8421 1794 2314 586 2312 1795 2311 5 585 2313
2317 1667 2406 2407 3651 9665
2322 2323 6417 6416
2323 2322 6417 6416
2335 8079 4023 3128 1977 1115 8627 3662 2129 1190 4024 8636 6730 1114 3599 3127
2336 861 4888
2340 1945
2341 8401
2342 1944
2343 2463 3660 201 9332
2344 1943
2345 8998 7785 7309 1942
2348 43 9678 9679 891 4726 553 890 6277 5536 2058 666 4059 8522
2349 5312
2350 713 1640 1460 4798
2351 4578 1052 9144
2352 6032 8060
2364 2442 3023 3022 5630 2124
2368 4672 2393 1546 3306 2410
2369 8671 8001 2377 5264 2374
2371 5442 4214 1113 1112 7558 5993
2374 8671 2369 8001 2377 5264
2375 7884 2041 5494
2376 281 9788 2610 1751 1009
2377 8671 2369 8001 5264 2374
2378 2599 4912
2379 8350 2026 2127 2028
2380 2027 521 6261 8873
2381 4240 4695 6848
2383 7077 9615 7079 7081 1728 7076 2597 2215
2389 919 1697
2390 764
2393 4672 1546 3306 2368 2410
2394 7559
2395 1695 5448
2399 4978
2400 5873
2401 7929 2646
2402 4277
2405 4583 4584 4580 2569 4581 3256 9467 4585
2406 1667 2407 3651 2317 9665
2407 1667 2406 3651 2317 9665
2410 4672 2393 1546 3306 2368
2417 248
2421 7187 6870 9068 9069 9005 1987 6978 2821
2423 97
2424 1167
2433 5311 6944 7025 5294 7024 3701 1897 4951 7176
2435 8080 8022 8552 15
2438 1419
2442 3023 3022 5630 2124 2364
2443 2291 2999 2998 2997 7059 5281 2996 5094
2444 5268
2445 4255
2446 6442
2447 2057 4655
2448 4733
2452 8109 3838
2453 4900 126 1802 130 4907 7421
2459 2581 6794 274 273
2460 5784
2461 2620
2462 3148 3079 3284 3151 3144 3283 3007 205 206 3285 2752 3145 8710 419 3147 8963 3146
2463 2343 3660 201 9332
2464 1529 1620 3728 1530
2465 2641
2487 1829 5832 4043
2488 2640 2489 4163 1964
2489 2640 2488 4163 1964
2491 2652 6745 6743 8073 5836 6737 6734
2496 2719 1510 683 682 2717 2718 917
2499 3635
2500 2657 1758 506 715 7658 1712
2501 4956 239
2508 4040 4039
2509 3724
2513 18 17 16 5987 4484 149
2514 4894
2515 172 1081 1080 607 1564
2517 6356 4190 6712 6355 6343
2521 3399 4000 3398 1749 6490
2522 8099 6774
2523 8753 7759
2530 3626 3044 3627
2533 2709 9239 2534 4301 8578 1133 3968
2534 2709 9239 4301 2533 8578 1133 3968
2538 2544 2540
2539 2543
2540 2544 2538
2543 2539
2544 2540 2538
2547 961 7236 3152 8107 425 6361 364 859 6360 905 1789 8403 5929 3153 6131 2549 8964
2549 961 7236 3152 8107 425 6361 364 859 6360 905 1789 8403 5929 3153 6131 2547 8964
2550 5335 70 3191 6321 5285 5045 5284 6561
2551 2957 492 2983 3551 8036 4236 3789 675 679 9450 7034 8755
2552 876 1900 550
2555 4873 8989
2556 2624
2558 850 5393 7750 2852 83 180 82 137 2716 4743
2569 4583 4584 4580 2405 4581 3256 9467 4585
2574 7130 1364 5648 2285
2575 7921
2577 8568 463
2578 5407 5465 5124
2579 2100
2580 478 8373 8372 8374 111 4800 3725 805 6268 5314 2819 5828
2581 6794 274 2459 273
2584 2588 4897 8159 8410 548 8720
2585 2142
2588 4897 2584 8159 8410 548 8720
2589 2590
2590 2589
2591 5191
2597 2383 7077 9615 7079 7081 1728 7076 2215
2599 2378 4912
2600 4878 7496 4880
2606 7556 4195 1100 3798 7837 5641 642
2607 2126 7411 4486
2610 2376 281 9788 1751 1009
2611 1729
2612 3568 8707
2613 720 2619 6370 2616 7941
2614 7119 765
2615 9242
2616 720 2619 6370 2613 7941
2619 720 6370 2613 2616 7941
2620 2461
2621 7521 45 1165 1523
2624 2556
2626 1258 5304 6153 4152 8108 2165 5783 8583 165 3965
2630 3748 616
2631 1738 1742 3656 1065 8838 8837
2637 2773
2638 6921 3181 6954 6920
2640 2488 2489 4163 1964
2641 2465
2643 3420 3554 9072 6031 3800 8174 229
2646 7929 2401
2647 1518
2650 6617 8654 4007
2652 2491 6745 6743 8073 5836 6737 6734
2657 1758 2500 506 715 7658 1712
2659 7303 6094 6025
2660 3406
2662 7499 3853
2665 4393 1317 9261 6186
2669 4082 999
2670 1092 1120 1000
2671 687 1625 6239 688
2674 3639 4469
2676 7529 5178 5177 200 1292 4110
2677 1220 1132 5062 4984 5918 3601
2684 5253 4128 1979
2685 2785
2686 7551
2688 7283 7290 3150 2989 7101 7672 3149 4437 1340 109 3908 3962 7286 9006 7285 7287
2691 1297 1776 110
2696 8058 4129 2221
2700 7432 2701 8431
2701 2700 7432 8431
2707 9469 1326
2709 9239 2534 4301 2533 8578 1133 3968
2710 1994 3075 6320 3844
2716 850 5393 7750 2852 83 2558 180 82 137 4743
2717 2496 2719 1510 683 682 2718 917
2718 2496 2719 1510 683 682 2717 917
2719 2496 1510 683 682 2717 2718 917
2728 6452 4875 4683 9452 1234 1895 1457 5054 3009
2729 3959 7650
2730 3936 981
2731 4418 771
2735 2088 2087
2736 1909
2737 6177 8074
2740 3346 3344
2742 7764 5014 7594 892 1854 7773
2743 6174 7851
2744 1164 7389 7388 3350 1583
2745 5201 1503 1502 4874 5200
2746 6851
2747 7526
2748 4130 2101 1008 3808 2749 1954
2749 4130 2101 1008 3808 2748 1954
2750 1059 4497 4496 3464
2751 7123 7125 7124 4433
2752 3148 3079 3284 3151 3144 3283 3007 205 206 3285 3145 2462 8710 419 3147 8963 3146
2753 6150 6151
2756 5501 6149 6233
2757 4254
2759 6165 5984 5985 5474
2760 3810
2761 772 7177
2762 3415 4527 4510 1271 6529
2764 1333 296 1332 1331 2251 6909 5551 2816 2252 2808
2768 2769
2769 2768
2771 790 9 8562 791
2772 3112 649 5911 3509 8136 8135 7465 3572 8138
2773 2637
2779 6498 6499
2782 8489
2785 2685
2788 7404 2981
2794 1917 7523
2801 6892 4539 6907 3440 4789
2808 1333 296 1332 1331 2251 6909 5551 2816 2764 2252
2809 5930 6697 4813 1389
2813 9084
2815 4810 435 4449
2816 1333 296 1332 1331 2251 6909 5551 2764 2252 2808
2819 478 8373 8372 8374 111 4800 3725 805 6268 5314 2580 5828
2821 7187 6870 9068 9069 2421 9005 1987 6978
2823 9412 3766 2824
2824 2823 9412 3766
2825 3750 8750
2826 2839 2835 2828 2853 3739 7753 2830 2843 2837 5928 2833 2846
2827 1849 2829 1850 7086 380 2851 2840 2836 2831 2832 3655 2844 2838 2226 2834 8151
2828 2839 2835 2826 2853 3739 7753 2830 2843 2837 5928 2833 2846
2829 1849 1850 7086 380 2827 2851 2840 2836 2831 2832 3655 2844 2838 2226 2834 8151
2830 2839 2835 2828 2826 2853 3739 7753 2843 2837 5928 2833 2846
2831 1849 2829 1850 7086 380 2827 2851 2840 2836 2832 3655 2844 2838 2226 2834 8151
2832 1849 2829 1850 7086 380 2827 2851 2840 2836 2831 3655 2844 2838 2226 2834 8151
2833 2839 2835 2828 2826 2853 3739 7753 2830 2843 2837 5928 2846
2834 1849 2829 1850 7086 380 2827 2851 2840 2836 2831 2832 3655 2844 2838 2226 8151
2835 2839 2828 2826 2853 3739 7753 2830 2843 2837 5928 2833 2846
2836 1849 2829 1850 7086 380 2827 2851 2840 2831 2832 3655 2844 2838 2226 2834 8151
2837 2839 2835 2828 2826 2853 3739 7753 2830 2843 5928 2833 2846
2838 1849 2829 1850 7086 380 2827 2851 2840 2836 2831 2832 3655 2844 2226 2834 8151
2839 2835 2828 2826 2853 3739 7753 2830 2843 2837 5928 2833 2846
2840 1849 2829 1850 7086 380 2827 2851 2836 2831 2832 3655 2844 2838 2226 2834 8151
2843 2839 2835 2828 2826 2853 3739 7753 2830 2837 5928 2833 2846
2844 1849 2829 1850 7086 380 2827 2851 2840 2836 2831 2832 3655 2838 2226 2834 8151
2846 2839 2835 2828 2826 2853 3739 7753 2830 2843 2837 5928 2833
2847 1456
2849 6526
2851 1849 2829 1850 7086 380 2827 2840 2836 2831 2832 3655 2844 2838 2226 2834 8151
2852 850 5393 7750 83 2558 180 82 137 2716 4743
2853 2839 2835 2828 2826 3739 7753 2830 2843 2837 5928 2833 2846
2857 224 2858 3979 439
2858 224 3979 439 2857
2859 2861 9327 2860
2860 2861 9327 2859
2861 9327 2859 2860
2863 2873 2870 1182 2869 2865 3446 680 676 2864 3341 2868 2867 2866
2864 2873 2870 1182 2869 2865 3446 680 676 3341 2868 2867 2866 2863
2865 2873 2870 1182 2869 3446 680 676 2864 3341 2868 2867 2866 2863
2866 2873 2870 1182 2869 2865 3446 680 676 2864 3341 2868 2867 2863
2867 2873 2870 1182 2869 2865 3446 680 676 2864 3341 2868 2866 2863
2868 2873 2870 1182 2869 2865 3446 680 676 2864 3341 2867 2866 2863
2869 2873 2870 1182 2865 3446 680 676 2864 3341 2868 2867 2866 2863
2870 2873 1182 2869 2865 3446 680 676 2864 3341 2868 2867 2866 2863
2873 2870 1182 2869 2865 3446 680 676 2864 3341 2868 2867 2866 2863
2874 176
2876 264 1515 2877 299 6285 2880 2879 2883 2882 2881 2878
2877 264 1515 299 6285 2880 2879 2876 2883 2882 2881 2878
2878 264 1515 2877 299 6285 2880 2879 2876 2883 2882 2881
2879 264 1515 2877 299 6285 2880 2876 2883 2882 2881 2878
2880 264 1515 2877 299 6285 2879 2876 2883 2882 2881 2878
2881 264 1515 2877 299 6285 2880 2879 2876 2883 2882 2878
2882 264 1515 2877 299 6285 2880 2879 2876 2883 2881 2878
2883 264 1515 2877 299 6285 2880 2879 2876 2882 2881 2878
2884 2891 2890 2885 3088 2889 1334 2892 1993 2888 2887 2886
2885 2891 2890 3088 2889 1334 2892 1993 2888 2887 2886 2884
2886 2891 2890 2885 3088 2889 1334 2892 1993 2888 2887 2884
2887 2891 2890 2885 3088 2889 1334 2892 1993 2888 2886 2884
2888 2891 2890 2885 3088 2889 1334 2892 1993 2887 2886 2884
2889 2891 2890 2885 3088 1334 2892 1993 2888 2887 2886 2884
2890 2891 2885 3088 2889 1334 2892 1993 2888 2887 2886 2884
2891 2890 2885 3088 2889 1334 2892 1993 2888 2887 2886 2884
2892 2891 2890 2885 3088 2889 1334 1993 2888 2887 2886 2884
2893 5263 2903 2902 2901 2898 2904 1420
2898 5263 2903 2902 2901 2904 1420 2893
2900 8954 8952 8953 869 8734
2901 5263 2903 2902 2898 2904 1420 2893
2902 5263 2903 2901 2898 2904 1420 2893
2903 5263 2902 2901 2898 2904 1420 2893
2904 5263 2903 2902 2901 2898 1420 2893
2906 6118 1563 2907 3050 1586 1585 9436
2907 6118 2906 1563 3050 1586 1585 9436
2908 786 567
2916 4431
2918 1189
2922 2923
2923 2922
2924 4647
2925 3274 9098 3272 3049 1642 1418 4914
2928 2933 98 2932 2098 8585
2932 2933 98 2098 2928 8585
2933 98 2932 2098 2928 8585
2938 1305 4969 832 452
2941 3057 9026 1357
2942 9462
2943 7062
2947 4135 4132 2952 2948
2948 4135 2947 4132 2952
2952 4135 2947 4132 2948
2956 1796 9371 1799 4586 8558
2957 492 2983 3551 8036 4236 3789 675 2551 679 9450 7034 8755
2958 8551
2959 237 3071 4872 3070 236 1300 3069 1205
2960 7915
2970 6136 7439 2971 8575 6135
2971 6136 2970 7439 8575 6135
2972 14 2974 4384 2973 1982
2973 14 2974 4384 2972 1982
2974 14 4384 2973 2972 1982
2976 3503 7244 9551 7228 9552 37 6677
2977 5621
2981 2788 7404
2982 3293 998 3292 3291 3294
2983 2957 492 3551 8036 4236 3789 675 2551 679 9450 7034 8755
2984 5842 763
2989 7283 7290 3150 7101 7672 3149 4437 1340 109 3908 3962 7286 9006 7285 7287 2688
2990 6030 3209 4958
2994 5632 6887 6925 3229 4566
2996 2291 2999 2998 2443 2997 7059 5281 5094
2997 2291 2999 2998 2443 7059 5281 2996 5094
2998 2291 2999 2443 2997 7059 5281 2996 5094
2999 2291 2998 2443 2997 7059 5281 2996 5094
3000 8019 4119 4306 726 4307
3007 3148 3079 3284 3151 3144 3283 205 206 3285 2752 3145 2462 8710 419 3147 8963 3146
3008 1095 3114 3113 2242
3009 6452 4875 4683 9452 1234 1895 1457 2728 5054
3011 3012 6159
3012 3011 6159
3015 836 7289 785 4062
3016 1830 3017 3375 7237 4628 2258 3374 3370 3371 719 1853 5669 3369 332
3017 1830 3375 7237 4628 3016 2258 3374 3370 3371 719 1853 5669 3369 332
3018 1937 7721 4224 1860 9241 3019
3019 3018 1937 7721 4224 1860 9241
3021 6362 3598 6300 4938 3722
3022 2442 3023 5630 2124 2364
3023 2442 3022 5630 2124 2364
3024 3029 3028 3027 3030 7995 3026 3025
3025 3029 3028 3027 3030 7995 3026 3024
3026 3029 3028 3027 3030 7995 3025 3024
3027 3029 3028 3030 7995 3026 3025 3024
3028 3029 3027 3030 7995 3026 3025 3024
3029 3028 3027 3030 7995 3026 3025 3024
3030 3029 3028 3027 7995 3026 3025 3024
3031 377 5914 2243 6024
3034 3035 9079 9624 7609 5672 4092 5532 5673
3035 3034 9079 9624 7609 5672 4092 5532 5673
3036 618 619
3037 1957 8729
3039 8106 1601 8104 1599 1598 8102 1267
3044 3626 3627 2530
3048 1997
3049 3274 9098 3272 1642 2925 1418 4914
3050 6118 2906 1563 2907 1586 1585 9436
3051 6390 4482
3053 3709
3057 2941 9026 1357
3059 4640
3060 589 4016
3061 7498 4038 9661 1544 5041
3063 9700
3064 5107
3065 4260 6065 5202 8970
3066 650 6055 6059 8679 192
3069 237 3071 4872 3070 2959 236 1300 1205
3070 237 3071 4872 2959 236 1300 3069 1205
3071 237 4872 3070 2959 236 1300 3069 1205
3072 3133 3132
3075 2710 1994 6320 3844
3079 3148 3284 3151 3144 3283 3007 205 206 3285 2752 3145 2462 8710 419 3147 8963 3146
3080 7603
3081 1134 9375 1618
3083 3179 7445 4310
3085 1441 8491 6344
3087 4232 4136 4137 4141 4139 5591 1010 1012 2096 8351 4138 6430 1011 8642
3088 2891 2890 2885 2889 1334 2892 1993 2888 2887 2886 2884
3094 7003 7423 7002 5934 1348 9476 6175 8223 7935 5884 171
3095 3096 88
3096 3095 88
3097 1519
3104 1329 3221 231 3108 1013
3106 3107
3107 3106
3108 1329 3221 231 3104 1013
3110 4426 7695
3111 9651
3112 2772 649 5911 3509 8136 8135 7465 3572 8138
3113 1095 3008 3114 2242
3114 1095 3008 3113 2242
3116 257 3162 258 3168 628 3161 3160
3117 3658 9201
3119 5051 4589 450 1938
3127 8079 4023 3128 1977 1115 8627 3662 2129 1190 4024 8636 6730 1114 3599 2335
3128 8079 4023 1977 1115 8627 3662 2129 1190 4024 8636 6730 1114 3599 2335 3127
3130 3817 1858
3132 3133 3072
3133 3072 3132
3134 3448 6371 4127 115 1555
3135 903
3137 2224 4413 1694 1226 423 5246 8897
3138 8190 1718 6372
3139 1101
3140 3142 308
3141 1999 1719 52 1287 2030
3142 308 3140
3144 3148 3079 3284 3151 3283 3007 205 206 3285 2752 3145 2462 8710 419 3147 8963 3146
3145 3148 3079 3284 3151 3144 3283 3007 205 206 3285 2752 2462 8710 419 3147 8963 3146
3146 3148 3079 3284 3151 3144 3283 3007 205 206 3285 2752 3145 2462 8710 419 3147 8963
3147 3148 3079 3284 3151 3144 3283 3007 205 206 3285 2752 3145 2462 8710 419 8963 3146
3148 3079 3284 3151 3144 3283 3007 205 206 3285 2752 3145 2462 8710 419 3147 8963 3146
3149 7283 7290 3150 2989 7101 7672 4437 1340 109 3908 3962 7286 9006 7285 7287 2688
3150 7283 7290 2989 7101 7672 3149 4437 1340 109 3908 3962 7286 9006 7285 7287 2688
3151 3148 3079 3284 3144 3283 3007 205 206 3285 2752 3145 2462 8710 419 3147 8963 3146
3152 961 7236 8107 425 6361 364 859 6360 905 1789 8403 5929 3153 6131 2547 2549 8964
3153 961 7236 3152 8107 425 6361 364 859 6360 905 1789 8403 5929 6131 2547 2549 8964
3159 852
3160 257 3162 258 3168 628 3116 3161
3161 257 3162 258 3168 628 3116 3160
3162 257 258 3168 628 3116 3161 3160
3164 120 119 121 7224 7225
3166 5361
3168 257 3162 258 628 3116 3161 3160
3172 1766
3176 3177
3177 3176
3179 7445 3083 4310
3181 6921 6954 6920 2638
3185 7033
3189 3245
3191 5335 2550 70 6321 5285 5045 5284 6561
3195 5892 5891
3196 7673
3208 6029 8690 3731
3209 6030 4958 2990
3212 4036 5479 9258 6608 6606 7184 6605
3221 1329 231 3104 3108 1013
3222 1399 1876 5797 227 4077 228 4884 1394 1400
3229 5632 6887 2994 6925 4566
3230 7468
3242 9129 262 8851 8582 3617
3245 3189
3247 108 5271
3255 1199 6873
3256 4583 4584 4580 2569 2405 4581 9467 4585
3260 1125
3265 5303 5301 5302 3266
3266 5303 5301 5302 3265
3272 3274 9098 3049 1642 2925 1418 4914
3274 9098 3272 3049 1642 2925 1418 4914
3275 2055 8077
3276 8557 8930 6755
3277 6767 8139 6765 6764 8929 4120
3279 9457 6600 5135 6992 877
3280 5691 2151 4345
3283 3148 3079 3284 3151 3144 3007 205 206 3285 2752 3145 2462 8710 419 3147 8963 3146
3284 3148 3079 3151 3144 3283 3007 205 206 3285 2752 3145 2462 8710 419 3147 8963 3146
3285 3148 3079 3284 3151 3144 3283 3007 205 206 2752 3145 2462 8710 419 3147 8963 3146
3288 1673 8010
3291 3293 998 2982 3292 3294
3292 3293 998 2982 3291 3294
3293 998 2982 3292 3291 3294
3294 3293 998 2982 3292 3291
3295 6602
3296 2156 639
3297 6991
3299 3300 8918
3300 3299 8918
3301 3302
3302 3301
3303 160 166 163 162 964 845 161 962 3304 3708
3304 160 166 163 3303 162 964 845 161 962 3708
3306 4672 2393 1546 2368 2410
3308 878 5080 3799
3310 3311 739
3311 3310 739
3315 1525
3316 1526
3331 8650
3332 5795 5619
3333 3334
3334 3333
3335 1566 3336 927
3336 3335 1566 927
3341 2873 2870 1182 2869 2865 3446 680 676 2864 2868 2867 2866 2863
3342 7046
3343 4011 8111
3344 2740 3346
3345 3347 4487
3346 2740 3344
3347 3345 4487
3349 2298 2297 1269 924 2296 7089
3350 1164 7389 7388 1583 2744
3351 3352
3352 3351
3353 1621
3354 1622
3355 6073 7552
3358 6111 3359 9757 1294
3359 6111 3358 9757 1294
3362 8378
3364 3365 3366 1659
3365 3364 3366 1659
3366 3364 3365 1659
3369 1830 3017 3375 7237 4628 3016 2258 3374 3370 3371 719 1853 5669 332
3370 1830 3017 3375 7237 4628 3016 2258 3374 3371 719 1853 5669 3369 332
3371 1830 3017 3375 7237 4628 3016 2258 3374 3370 719 1853 5669 3369 332
3374 1830 3017 3375 7237 4628 3016 2258 3370 3371 719 1853 5669 3369 332
3375 1830 3017 7237 4628 3016 2258 3374 3370 3371 719 1853 5669 3369 332
3376 851 9200 7670 4796 3377
3377 3376 851 9200 7670 4796
3378 1322
3379 3385 9217 3387 1835 3541 3383 1857 1600 3384 3386 3760 1831 3381
3381 3385 9217 3387 1835 3541 3383 1857 1600 3384 3379 3386 3760 1831
3382 1985
3383 3385 9217 3387 1835 3541 1857 1600 3384 3379 3386 3760 1831 3381
3384 3385 9217 3387 1835 3541 3383 1857 1600 3379 3386 3760 1831 3381
3385 9217 3387 1835 3541 3383 1857 1600 3384 3379 3386 3760 1831 3381
3386 3385 9217 3387 1835 3541 3383 1857 1600 3384 3379 3760 1831 3381
3387 3385 9217 1835 3541 3383 1857 1600 3384 3379 3386 3760 1831 3381
3388 3390 3394 3393 3391 3392 3389
3389 3390 3394 3393 3391 3392 3388
3390 3394 3393 3391 3392 3389 3388
3391 3390 3394 3393 3392 3389 3388
3392 3390 3394 3393 3391 3389 3388
3393 3390 3394 3391 3392 3389 3388
3394 3390 3393 3391 3392 3389 3388
3398 3399 4000 1749 2521 6490
3399 4000 3398 1749 2521 6490
3400 2268 8843 1750 2265
3402 664
3404 6601 4234
3405 6066 6064
3406 2660
3407 5343
3414 5225
3415 2762 4527 4510 1271 6529
3417 7429
3419 5038 681 3928 4513 8035 6793 4512
3420 3554 9072 6031 3800 8174 2643 229
3422 3424
3424 3422
3427 8924 8925 8923
3429 6668 4870 3431
3431 6668 3429 4870
3432 1048 1216
3440 6892 4539 6907 2801 4789
3441 3565 1797 4166 1798 4167 606
3442 3443 4061
3443 3442 4061
3446 2873 2870 1182 2869 2865 680 676 2864 3341 2868 2867 2866 2863
3447 4100 366 365 1206 9783 5092
3448 6371 4127 115 3134 1555
3451 799
3461 3586
3464 1059 4497 4496 2750
3475 8444 1360
3478 6555 6157 5527 8503 9536 1076
3479 5493 9547 4464 5526 8723 9534 4158 3489
3480 5495
3481 5007
3483 7758
3486 2128 1119
3489 5493 9547 4464 5526 8723 3479 9534 4158
3495 249
3500 7715 608 4213 9351 1328
3502 3983 1605 4308 725 3982
3503 7244 9551 7228 2976 9552 37 6677
3509 3112 2772 649 5911 8136 8135 7465 3572 8138
3510 6400
3515 3668 8806 4485 3665
3530 1170 1534 1533
3532 7841 8854 3533 3534
3533 7841 8854 3532 3534
3534 7841 8854 3532 3533
3535 893 466 3539 5282 3536 911 912
3536 893 466 3539 5282 911 3535 912
3539 893 466 5282 3536 911 3535 912
3541 3385 9217 3387 1835 3383 1857 1600 3384 3379 3386 3760 1831 3381
3542 80 873 1377 4693 7190 1378 872 8043 8042 9759 6537 3543 9050
3543 80 873 1377 4693 7190 1378 872 8043 8042 9759 6537 3542 9050
3546 3549 3547
3547 3546 3549
3549 3546 3547
3550 3552
3551 2957 492 2983 8036 4236 3789 675 2551 679 9450 7034 8755
3552 3550
3554 3420 9072 6031 3800 8174 2643 229
3565 1797 4166 3441 1798 4167 606
3566 8520
3567 7990
3568 2612 8707
3572 3112 2772 649 5911 3509 8136 8135 7465 8138
3574 1768 9408
3577 885 3944 3937 3578
3578 3577 885 3944 3937
3581 9199
3583 170 7196 2152
3584 6880 3585 8129 3589
3585 6880 3584 8129 3589
3586 3461
3587 1878
3589 6880 3585 3584 8129
3590 7919
3591 6746 3592 9039
3592 3591 6746 9039
3595 4688 491 5881 4669 7031 8589 621 5406 7030 7530 1393 6699 6303
3597 5286
3598 6362 6300 4938 3722 3021
3599 8079 4023 3128 1977 1115 8627 3662 2129 1190 4024 8636 6730 1114 2335 3127
3600 4299 4862 8614 6875 6280 2002 4030 6951 2121 8622 3700 3661 1077
3601 2677 1220 1132 5062 4984 5918
3617 3242 9129 262 8851 8582
3618 390 391
3623 8014
3626 3044 3627 2530
3627 3626 3044 2530
3629 4570
3635 2499
3636 3727
3639 4469 2674
3642 3643
3643 3642
3646 6861 833
3648 7818 284 3892 1395 6338
3650 295 5006 1462
3651 1667 2406 2407 2317 9665
3654 7469
3655 1849 2829 1850 7086 380 2827 2851 2840 2836 2831 2832 2844 2838 2226 2834 8151
3656 1738 2631 1742 1065 8838 8837
3658 3117 9201
3660 2463 2343 201 9332
3661 4299 4862 8614 6875 6280 2002 4030 6951 3600 2121 8622 3700 1077
3662 8079 4023 3128 1977 1115 8627 2129 1190 4024 8636 6730 1114 3599 2335 3127
3665 3668 8806 3515 4485
3666 50 3667 386
3667 50 3666 386
3668 8806 3515 4485 3665
3670 4316 4317 3778 629
3671 230
3672 19 8024
3675 4321 4322 5333 4319 4318 4323 5334 4320
3676 3677
3677 3676
3678 2047
3685 1863
3688 9219 8847
3689 1265 906 6821 3690
3690 1265 3689 906 6821
3700 4299 4862 8614 6875 6280 2002 4030 6951 3600 2121 8622 3661 1077
3701 5311 6944 2433 7025 5294 7024 1897 4951 7176
3708 160 166 163 3303 162 964 845 161 962 3304
3709 3053
3722 6362 3598 6300 4938 3021
3724 2509
3725 478 8373 8372 8374 111 4800 805 6268 5314 2819 2580 5828
3727 3636
3728 1529 1620 2464 1530
3729 7241
3730 4871 4427
3731 6029 3208 8690
3734 854
3739 2839 2835 2828 2826 2853 7753 2830 2843 2837 5928 2833 2846
3740 6503 5072 7087 5567 6504 622 2227 4436 8635 5071
3741 6122 6120 6180
3748 2630 616
3750 8750 2825
3754 8076 9620 9619 1981 3759 3758 3756 645
3756 8076 9620 3754 9619 1981 3759 3758 645
3758 8076 9620 3754 9619 1981 3759 3756 645
3759 8076 9620 3754 9619 1981 3758 3756 645
3760 3385 9217 3387 1835 3541 3383 1857 1600 3384 3379 3386 1831 3381
3766 2823 9412 2824
3767 6164 1051
3774 7143 7142
3776 3790 345 6803 207 2117 344
3778 4316 4317 3670 629
3779 5420 3780 5419 1036
3780 3779 5420 5419 1036
3789 2957 492 2983 3551 8036 4236 675 2551 679 9450 7034 8755
3790 3776 345 6803 207 2117 344
3798 7556 4195 1100 2606 7837 5641 642
3799 878 3308 5080
3800 3420 3554 9072 6031 8174 2643 229
3808 4130 2101 1008 2749 2748 1954
3810 2760
3811 2132 2136 2133 1568 2131 3813
3813 2132 2136 2133 1568 2131 3811
3814 7484 8087 173 8805 7486 7485
3816 5523 1873
3817 3130 1858
3821 96 9051
3822 7338 840
3824 1227 4053 7716 410 5245
3829 2176
3833 3834
3834 3833
3835 1157
3836 875 551 1396
3837 8548
3838 2452 8109
3844 2710 1994 3075 6320
3846 9392 1257 5801 5131 1951 716
3847 4248 9765 1556 7973
3851 8137
3853 7499 2662
3855 6512
3856 1893
3861 6635 167 6718 9032
3870 722
3871 437 5047
3873 174 7732 1212 3998
3875 6250 4325
3881 4366
3882 4366
3884 5176 8034
3886 6042 2012
3887 3888 5283
3888 3887 5283
3891 6945 1631
3892 7818 3648 284 1395 6338
3893 9608
3894 6871
3901 2229
3905 696 6958 1365 9073 256
3907 1482
3908 7283 7290 3150 2989 7101 7672 3149 4437 1340 109 3962 7286 9006 7285 7287 2688
3909 4723
3924 5853 9543 8789 9542 9428 4556 7495 254 5812 6077 9539
3928 5038 681 4513 3419 8035 6793 4512
3934 2290 7179 4194 592 6158 1657 4694 8992 36
3935 1894
3936 2730 981
3937 3577 885 3944 3578
3938 3949 3953 3945 3947
3939 3955 3948 3957
3940 7640 3946
3943 3958
3944 3577 885 3937 3578
3945 3949 3953 3938 3947
3946 3940 7640
3947 3949 3953 3945 3938
3948 3955 3939 3957
3949 3953 3945 3938 3947
3950 3952
3951 3956
3952 3950
3953 3949 3945 3938 3947
3955 3939 3948 3957
3956 3951
3957 3955 3939 3948
3958 3943
3959 7650 2729
3962 7283 7290 3150 2989 7101 7672 3149 4437 1340 109 3908 7286 9006 7285 7287 2688
3965 1258 5304 6153 4152 8108 2165 5783 2626 8583 165
3968 2709 9239 2534 4301 2533 8578 1133
3969 3999 3970 4300
3970 3999 3969 4300
3971 6859 1827 68 1184 2282 2281 2238 7366
3978 7330 9295 9049
3979 224 2858 439 2857
3982 3983 1605 4308 3502 725
3983 1605 4308 3502 725 3982
3998 3873 174 7732 1212
3999 3969 3970 4300
4000 3399 3398 1749 2521 6490
4001 737
4004 4005
4005 4004
4006 5242 8853 7020 5243 6972 5241
4007 2650 6617 8654
4008 453 6027 4269 454
4009 7390 6102 677 8366 2172
4010 1532 1726 9293 234 235 6154 7229
4011 3343 8111
4012 8784 8783 5297 5921 8782
4014 4170 7752 7983 9422 4329 8047
4015 7279
4016 589 3060
4021 809 4401
4023 8079 3128 1977 1115 8627 3662 2129 1190 4024 8636 6730 1114 3599 2335 3127
4024 8079 4023 3128 1977 1115 8627 3662 2129 1190 8636 6730 1114 3599 2335 3127
4025 2204 2201
4026 1745 367
4028 4029 701
4029 701 4028
4030 4299 4862 8614 6875 6280 2002 6951 3600 2121 8622 3700 3661 1077
4034 7591 5231
4035 1392 8273 4797 23 4424
4036 3212 5479 9258 6608 6606 7184 6605
4037 465 168 5695
4038 7498 3061 9661 1544 5041
4039 4040 2508
4040 4039 2508
4043 1829 5832 2487
4053 3824 1227 7716 410 5245
4055 8999 1445 4952 6137 6323 261 6322
4059 43 9678 9679 891 4726 553 890 6277 5536 2058 666 2348 8522
4061 3443 3442
4062 836 3015 7289 785
4069 240 1005 4922
4077 1399 3222 1876 5797 227 228 4884 1394 1400
4081 1381 1664 1630 456 4272 1628
4082 2669 999
4083 4809 8348 839
4092 3035 3034 9079 9624 7609 5672 5532 5673
4094 1949 7659
4095 9572
4100 366 3447 365 1206 9783 5092
4104 1103 6693 4108 4107 4109 995
4105 1603 5167 5675 1948
4107 1103 6693 4108 4109 4104 995
4108 1103 6693 4107 4109 4104 995
4109 1103 6693 4108 4107 4104 995
4110 7529 5178 2676 5177 200 1292
4119 3000 8019 4306 726 4307
4120 6767 8139 6765 6764 3277 8929
4124 7998 5785
4125 90
4126 2299
4127 3448 6371 115 3134 1555
4128 5253 2684 1979
4129 8058 2696 2221
4130 2101 1008 3808 2749 2748 1954
4132 4135 2947 2952 2948
4133 8094 2280 9102
4135 2947 4132 2952 2948
4136 4232 4137 4141 4139 3087 5591 1010 1012 2096 8351 4138 6430 1011 8642
4137 4232 4136 4141 4139 3087 5591 1010 1012 2096 8351 4138 6430 1011 8642
4138 4232 4136 4137 4141 4139 3087 5591 1010 1012 2096 8351 6430 1011 8642
4139 4232 4136 4137 4141 3087 5591 1010 1012 2096 8351 4138 6430 1011 8642
4141 4232 4136 4137 4139 3087 5591 1010 1012 2096 8351 4138 6430 1011 8642
4142 1256 5903
4152 1258 5304 6153 8108 2165 5783 2626 8583 165 3965
4155 6660
4158 5493 9547 4464 5526 8723 3479 9534 3489
4163 2640 2488 2489 1964
4166 3565 1797 3441 1798 4167 606
4167 3565 1797 4166 3441 1798 606
4170 4014 7752 7983 9422 4329 8047
4177 9136
4181 4226
4187 5299
4190 6356 6712 6355 6343 2517
4191 1268 7447 9103 6235 7561 4574
4192 4573 4571 1733
4193 7398 7963 7516
4194 2290 7179 592 6158 3934 1657 4694 8992 36
4195 7556 1100 2606 3798 7837 5641 642
4201 6486 191
4208 8213
4213 3500 7715 608 9351 1328
4214 5442 1113 1112 2371 7558 5993
4220 4251
4224 3018 1937 7721 1860 9241 3019
4226 4181
4229 8331 5414
4232 4136 4137 4141 4139 3087 5591 1010 1012 2096 8351 4138 6430 1011 8642
4234 6601 3404
4235 529
4236 2957 492 2983 3551 8036 3789 675 2551 679 9450 7034 8755
4237 74 4668
4240 2381 4695 6848
4248 3847 9765 1556 7973
4250 7334 7620
4251 4220
4252 6110 7903 277 1899 1266 278
4254 2757
4255 2445
4257 8835 625 626 8836
4260 6065 5202 8970 3065
4261 6760 6568 6567 8525 1338 164 4389
4269 453 6027 454 4008
4272 1381 1664 4081 1630 456 1628
4277 2402
4279 6682
4280 1088 1090 1087 1089
4281 9386 9716 4283 4282 9715
4282 9386 9716 4283 9715 4281
4283 9386 9716 4282 9715 4281
4286 4288 2130 4287
4287 4288 2130 4286
4288 2130 4286 4287
4291 1512 5516 6844 709
4299 4862 8614 6875 6280 2002 4030 6951 3600 2121 8622 3700 3661 1077
4300 3999 3969 3970
4301 2709 9239 2534 2533 8578 1133 3968
4306 3000 8019 4119 726 4307
4307 3000 8019 4119 4306 726
4308 3983 1605 3502 725 3982
4310 3179 7445 3083
4311 5651 2110 6305
4312 678 7968 9626
4314 8324 4854
4315 5655 6192 7509
4316 4317 3778 3670 629
4317 4316 3778 3670 629
4318 4321 4322 3675 5333 4319 4323 5334 4320
4319 4321 4322 3675 5333 4318 4323 5334 4320
4320 4321 4322 3675 5333 4319 4318 4323 5334
4321 4322 3675 5333 4319 4318 4323 5334 4320
4322 4321 3675 5333 4319 4318 4323 5334 4320
4323 4321 4322 3675 5333 4319 4318 5334 4320
4325 6250 3875
4329 4170 4014 7752 7983 9422 8047
4330 4332 4331
4331 4332 4330
4332 4330 4331
4335 1602 311 6271 1236 154 6304 9427 620
4339 9405 4650
4344 511 1877
4345 5691 3280 2151
4349 209
4364 20 1711
4366 3881 4721 4722 1966 3882
4367 1141
4368 928 5678
4370 6346 6345 1956 5119
4377 2245 1725 7005 2123
4379 8900 595 4412 4382 4381
4381 8900 595 4412 4382 4379
4382 8900 595 4412 4381 4379
4384 14 2974 2973 2972 1982
4385 8002 1201 9675 2109
4386 5250 2267
4389 4261 6760 6568 6567 8525 1338 164
4393 1317 9261 2665 6186
4399 6519 302 6522
4401 809 4021
4411 5046
4412 8900 595 4382 4381 4379
4413 2224 1694 3137 1226 423 5246 8897
4418 771 2731
4420 787
4422 4423 5313
4423 5313 4422
4424 1392 4035 8273 4797 23
4426 3110 7695
4427 4871 3730
4430 2216
4431 2916
4433 7123 2751 7125 7124
4434 7668 244 7666
4435 2019
4436 6503 5072 7087 5567 6504 622 2227 3740 8635 5071
4437 7283 7290 3150 2989 7101 7672 3149 1340 109 3908 3962 7286 9006 7285 7287 2688
4440 7550
4443 9640
4445 7615
4448 7482
4449 4810 435 2815
4464 5493 9547 5526 8723 3479 9534 4158 3489
4466 6275 6622
4468 5003 5459
4469 3639 2674
4471 2309 4784 1689 1688
4474 7351
4481 5252 280
4482 6390 3051
4483 577 576 575 574
4484 18 17 16 5987 2513 149
4485 3668 8806 3515 3665
4486 2126 7411 2607
4487 3347 3345
4488 4492 4489 493 494
4489 4492 493 4488 494
4491 1693 4494 1131
4492 4489 493 4488 494
4494 1693 1131 4491
4496 1059 4497 3464 2750
4497 1059 4496 3464 2750
4500 4502
4502 4500
4503 4746
4505 6152 1867 7981 1221 5722 1550 6721
4507 5022 1402 6748 4915
4510 3415 2762 4527 1271 6529
4512 5038 681 3928 4513 3419 8035 6793
4513 5038 681 3928 3419 8035 6793 4512
4516 400 9680
4520 2270
4521 5273 5270
4523 6220 6224
4525 921 2083
4527 3415 2762 4510 1271 6529
4539 6892 6907 3440 2801 4789
4542 6117
4545 1176
4547 5945 910 4934
4556 5853 9543 8789 3924 9542 9428 7495 254 5812 6077 9539
4563 5661 4673 812
4565 5631 988 6886
4566 5632 6887 2994 6925 3229
4567 6885 7916 740 1538
4569 8072
4570 3629
4571 4192 4573 1733
4572 738
4573 4192 4571 1733
4574 1268 7447 9103 6235 7561 4191
4578 2351 1052 9144
4580 4583 4584 2569 2405 4581 3256 9467 4585
4581 4583 4584 4580 2569 2405 3256 9467 4585
4583 4584 4580 2569 2405 4581 3256 9467 4585
4584 4583 4580 2569 2405 4581 3256 9467 4585
4585 4583 4584 4580 2569 2405 4581 3256 9467
4586 1796 9371 1799 2956 8558
4587 2287 2286 2283 1093 1757 4588
4588 2287 2286 2283 1093 1757 4587
4589 5051 3119 450 1938
4590 6219
4603 7751 5913 7664 8795
4605 4606
4606 4605
4614 9157 4615
4615 4614 9157
4619 1920
4620 4621
4621 4620
4624 7316 5690 6696 216
4627 185 8394
4628 1830 3017 3375 7237 3016 2258 3374 3370 3371 719 1853 5669 3369 332
4631 1173 8515
4632 4729 4933 4808 8514 6685 291
4636 8524 8103
4640 3059
4641 4643 4644 4642
4642 4643 4641 4644
4643 4641 4644 4642
4644 4643 4641 4642
4646 1765
4647 2924
4650 9405 4339
4652 1446 1447 4953
4655 2057 2447
4659 2232 759 6946
4668 74 4237
4669 4688 491 5881 7031 8589 3595 621 5406 7030 7530 1393 6699 6303
4670 9093 1415 7356
4672 2393 1546 3306 2368 2410
4673 5661 4563 812
4674 6990 7410
4676 4678 4679 4677
4677 4678 4679 4676
4678 4679 4677 4676
4679 4678 4677 4676
4683 6452 4875 9452 1234 1895 1457 2728 5054 3009
4688 491 5881 4669 7031 8589 3595 621 5406 7030 7530 1393 6699 6303
4689 8134 2262 2264 7049 2263 155
4693 80 873 1377 7190 1378 872 8043 8042 9759 6537 3543 3542 9050
4694 2290 7179 4194 592 6158 3934 1657 8992 36
4695 2381 4240 6848
4696 4698 4697
4697 4696 4698
4698 4696 4697
4713 1124
4718 7769 1906
4721 4366
4722 4366
4723 3909
4726 43 9678 9679 891 553 890 6277 5536 2058 666 4059 2348 8522
4729 4933 4808 8514 6685 291 4632
4733 2448
4734 2048
4743 850 5393 7750 2852 83 2558 180 82 137 2716
4744 6936 1594 6935
4745 9743 8991
4746 4503
4748 6040
4758 8379
4769 418
4771 1488 884
4775 7230
4779 886
4782 434
4784 2309 4471 1689 1688
4787 4788 6163 5327
4788 4787 6163 5327
4789 6892 4539 6907 3440 2801
4791 1950 4792
4792 1950 4791
4796 3376 851 9200 7670 3377
4797 1392 4035 8273 23 4424
4798 713 1640 2350 1460
4800 478 8373 8372 8374 111 3725 805 6268 5314 2819 2580 5828
4804 31 2266 297
4808 4729 4933 8514 6685 291 4632
4809 4083 8348 839
4810 435 2815 4449
4811 4812 7777
4812 4811 7777
4813 5930 6697 2809 1389
4817 5874
4822 9456
4827 6657 6067 6839 6840 1619 6231 1616 6838 8553
4842 7253 427
4850 8660
4851 1883 238
4852 9393 9764
4853 9540 9541
4854 4314 8324
4855 1520 4857
4857 1520 4855
4862 4299 8614 6875 6280 2002 4030 6951 3600 2121 8622 3700 3661 1077
4870 6668 3429 3431
4871 4427 3730
4872 237 3071 3070 2959 236 1300 3069 1205
4873 2555 8989
4874 5201 1503 1502 2745 5200
4875 6452 4683 9452 1234 1895 1457 2728 5054 3009
4877 4879 7497
4878 7496 4880 2600
4879 7497 4877
4880 4878 7496 2600
4883 658 1019
4884 1399 3222 1876 5797 227 4077 228 1394 1400
4885 7157 7488
4888 861 2336
4894 2514
4895 9374
4896 46 6121
4897 2588 2584 8159 8410 548 8720
4898 9527 5255 8770 6080
4900 126 1802 130 2453 4907 7421
4901 8455
4902 9565 8283
4907 4900 126 1802 130 2453 7421
4912 2599 2378
4914 3274 9098 3272 3049 1642 2925 1418
4915 5022 1402 4507 6748
4922 240 1005 4069
4925 325 8880 8971 6363 2225
4933 4729 4808 8514 6685 291 4632
4934 5945 4547 910
4938 6362 3598 6300 3722 3021
4944 8147 9414
4945 8175 4946 7965
4946 8175 4945 7965
4951 5311 6944 2433 7025 5294 7024 3701 1897 7176
4952 8999 1445 4055 6137 6323 261 6322
4953 1446 1447 4652
4956 239 2501
4958 6030 3209 2990
4959 6357
4960 5138 4968 1192 4966 4967 4963 4962 4965
4962 5138 4968 1192 4966 4967 4963 4960 4965
4963 5138 4968 1192 4966 4967 4962 4960 4965
4965 5138 4968 1192 4966 4967 4963 4962 4960
4966 5138 4968 1192 4967 4963 4962 4960 4965
4967 5138 4968 1192 4966 4963 4962 4960 4965
4968 5138 1192 4966 4967 4963 4962 4960 4965
4969 1305 832 2938 452
4971 9461
4974 9470
4978 2399
4980 9510 9159 5815 9517 9516 9518 9161 9513 5807 9160 9511 9509 6018 9515 9512
4984 2677 1220 1132 5062 5918 3601
4986 816
4991 1716 8846 4994 1278
4992 1892 7813
4994 1716 8846 4991 1278
5003 4468 5459
5004 2153
5005 2154
5006 295 1462 3650
5007 3481
5009 5010 2092
5010 5009 2092
5014 7764 7594 892 1854 7773 2742
5016 8261 6531 8977 9007
5019 1995 8749
5022 1402 4507 6748 4915
5025 9744
5038 681 3928 4513 3419 8035 6793 4512
5041 7498 4038 3061 9661 1544
5042 5043
5043 5042
5045 5335 2550 70 3191 6321 5285 5284 6561
5046 4411
5047 3871 437
5051 3119 4589 450 1938
5054 6452 4875 4683 9452 1234 1895 1457 2728 3009
5062 2677 1220 1132 4984 5918 3601
5070 7192
5071 6503 5072 7087 5567 6504 622 2227 4436 3740 8635
5072 6503 7087 5567 6504 622 2227 4436 3740 8635 5071
5074 518 950 949 519
5080 878 3308 3799
5087 5386 1222 1223 9635
5092 4100 366 3447 365 1206 9783
5093 6436 6445 6434 6439 6433 5622 6432 6431 6429 6428 6427
5094 2291 2999 2998 2443 2997 7059 5281 2996
5107 3064
5113 6536
5119 6346 6345 1956 4370
5123 6769
5124 5407 5465 2578
5128 7353 9662 181 6495
5129 7455
5131 9392 1257 3846 5801 1951 716
5135 9457 6600 6992 877 3279
5138 4968 1192 4966 4967 4963 4962 4960 4965
5139 9544 6732 2033 2037 2032 2034 8265 6740
5140 6744
5157 8059
5167 1603 4105 5675 1948
5168 971
5176 3884 8034
5177 7529 5178 2676 200 1292 4110
5178 7529 2676 5177 200 1292 4110
5179 531 1208 5180 405 5355
5180 531 1208 405 5179 5355
5185 8
5188 7047
5189 9550
5190 7637 1171
5191 2591
5192 5193 533
5193 5192 533
5195 7478
5200 5201 1503 1502 2745 4874
5201 1503 1502 2745 4874 5200
5202 4260 6065 8970 3065
5204 1146 5279 1147
5215 44 292 7993 7992
5217 6902 5867
5224 1792
5225 3414
5231 7591 4034
5241 5242 8853 4006 7020 5243 6972
5242 8853 4006 7020 5243 6972 5241
5243 5242 8853 4006 7020 6972 5241
5245 3824 1227 4053 7716 410
5246 2224 4413 1694 3137 1226 423 8897
5249 1933
5250 4386 2267
5252 4481 280
5253 4128 2684 1979
5255 9527 4898 8770 6080
5259 8277 5330
5260 8737 7617 1443 1046
5261 210 1442
5263 2903 2902 2901 2898 2904 1420 2893
5264 8671 2369 8001 2377 2374
5268 2444
5269 5781
5270 4521 5273
5271 108 3247
5273 4521 5270
5279 5204 1146 1147
5281 2291 2999 2998 2443 2997 7059 2996 5094
5282 893 466 3539 3536 911 3535 912
5283 3888 3887
5284 5335 2550 70 3191 6321 5285 5045 6561
5285 5335 2550 70 3191 6321 5045 5284 6561
5286 3597
5287 225 7501 7503 7048 9579 8581
5288 6823 421
5290 1862
5291 5296 990
5294 5311 6944 2433 7025 7024 3701 1897 4951 7176
5296 5291 990
5297 8784 8783 4012 5921 8782
5298 1623 1624
5299 4187
5301 5303 5302 3265 3266
5302 5303 5301 3265 3266
5303 5301 5302 3265 3266
5304 1258 6153 4152 8108 2165 5783 2626 8583 165 3965
5306 9317 7063 118 169
5311 6944 2433 7025 5294 7024 3701 1897 4951 7176
5312 2349
5313 4423 4422
5314 478 8373 8372 8374 111 4800 3725 805 6268 2819 2580 5828
5320 9774
5321 5362 5371 704 1698 1811 1218
5327 4787 4788 6163
5330 8277 5259
5332 5926
5333 4321 4322 3675 4319 4318 4323 5334 4320
5334 4321 4322 3675 5333 4319 4318 4323 4320
5335 2550 70 3191 6321 5285 5045 5284 6561
5336 5566 5395 5777
5338 2056
5341 6211 1285 1291
5342 9284
5343 3407
5344 6093 6097 6026
5355 531 1208 5180 405 5179
5357 5360
5359 6667 8842
5360 5357
5361 3166
5362 5371 5321 704 1698 1811 1218
5364 9473 9503 9150 9501 9499 6997 9498 5365 9148 9497 9149 5367 9482
5365 9473 9503 9150 9501 9499 6997 9498 9148 9497 9149 5364 5367 9482
5367 9473 9503 9150 9501 9499 6997 9498 5365 9148 9497 9149 5364 9482
5369 1211
5371 5362 5321 704 1698 1811 1218
5372 8260 8962
5380 5640
5386 1222 5087 1223 9635
5387 1692 8369 2308 5943 5947 846 847 2306 1295
5388 8662
5389 9538 218 5390 6912
5390 9538 5389 218 6912
5393 850 7750 2852 83 2558 180 82 137 2716 4743
5395 5336 5566 5777
5396 9394 212 211
5406 4688 491 5881 4669 7031 8589 3595 621 7030 7530 1393 6699 6303
5407 5465 5124 2578
5414 8331 4229
5419 3779 5420 3780 1036
5420 3779 3780 5419 1036
5425 5645 9684
5426 8164
5428 9132 7433 880
5442 4214 1113 1112 2371 7558 5993
5443 5444
5444 5443
5448 2395 1695
5452 770 7178
5459 4468 5003
5465 5407 5124 2578
5474 6165 5984 2759 5985
5479 4036 3212 9258 6608 6606 7184 6605
5492 1091 9031 6644 9535
5493 9547 4464 5526 8723 3479 9534 4158 3489
5494 7884 2041 2375
5495 3480
5501 2756 6149 6233
5502 6232 7518 6234
5513 5957
5515 6826
5516 1512 6844 4291 709
5523 3816 1873
5525 8554
5526 5493 9547 4464 8723 3479 9534 4158 3489
5527 6555 6157 3478 8503 9536 1076
5532 3035 3034 9079 9624 7609 5672 4092 5673
5536 43 9678 9679 891 4726 553 890 6277 2058 666 4059 2348 8522
5538 5539
5539 5538
5544 5789
5548 6749
5551 1333 296 1332 1331 2251 6909 2816 2764 2252 2808
5555 472 473 9582 7312
5560 5561
5561 5560
5566 5336 5395 5777
5567 6503 5072 7087 6504 622 2227 4436 3740 8635 5071
5576 9421
5591 4232 4136 4137 4141 4139 3087 1010 1012 2096 8351 4138 6430 1011 8642
5592 923
5593 1788 7574 5594
5594 1788 5593 7574
5595 8439 9701
5619 5795 3332
5621 9409 1614 1611 2977 5863 6636
5622 6436 6445 6434 6439 6433 6432 6431 5093 6429 6428 6427
5624 5625
5625 5624
5628 6874
5630 2442 3023 3022 2124 2364
5631 4565 988 6886
5632 6887 2994 6925 3229 4566
5640 5380
5641 7556 4195 1100 2606 3798 7837 642
5645 5425 9684
5648 7130 1364 2574 2285
5651 2110 4311 6305
5655 4315 6192 7509
5661 4673 4563 812
5662 7004
5667 9023
5669 1830 3017 3375 7237 4628 3016 2258 3374 3370 3371 719 1853 3369 332
5671 1316
5672 3035 3034 9079 9624 7609 4092 5532 5673
5673 3035 3034 9079 9624 7609 5672 4092 5532
5674 9777 9778 9776
5675 1603 5167 4105 1948
5678 928 4368
5679 1202
5682 9663 1741 5919 1743
5683 522
5685 6375 6373 958 6374
5686 6888
5689 8424 1126
5690 7316 6696 4624 216
5691 3280 2151 4345
5692 2014 8488
5693 9627 1037
5695 465 4037 168
5696 5699
5699 5696
5711 5798
5722 6152 1867 7981 1221 4505 1550 6721
5723 9390
5726 438 7819
5727 6319
5756 1984
5759 58 59 1286
5777 5336 5566 5395
5779 6675
5780 817 6583
5781 5269
5782 5955 9514 9156 436 835 9306 9580
5783 1258 5304 6153 4152 8108 2165 2626 8583 165 3965
5784 2460
5785 7998 4124
5789 5544
5795 5619 3332
5797 1399 3222 1876 227 4077 228 4884 1394 1400
5798 5711
5801 9392 1257 3846 5131 1951 716
5807 9510 9159 5815 9517 9516 9518 4980 9161 9513 9160 9511 9509 6018 9515 9512
5812 5853 9543 8789 3924 9542 9428 4556 7495 254 6077 9539
5815 9510 9159 9517 9516 9518 4980 9161 9513 5807 9160 9511 9509 6018 9515 9512
5825 665 615 9557 2301 7117 2300
5826 8916 1565
5828 478 8373 8372 8374 111 4800 3725 805 6268 5314 2819 2580
5832 1829 2487 4043
5836 2491 2652 6745 6743 8073 6737 6734
5842 763 2984
5853 9543 8789 3924 9542 9428 4556 7495 254 5812 6077 9539
5862 798 8950 7352 9195 8131
5863 5621
5867 5217 6902
5868 242
5869 8420
5871 1531 41 40 39 7262
5873 2400
5874 4817
5875 7218 6980 399 6454 7219
5881 4688 491 4669 7031 8589 3595 621 5406 7030 7530 1393 6699 6303
5884 7003 7423 7002 5934 1348 9476 6175 8223 7935 171 3094
5885 9496 1045
5891 5892 3195
5892 3195 5891
5903 1256 4142
5910 152
5911 3112 2772 649 3509 8136 8135 7465 3572 8138
5912 8537
5913 4603 7751 7664 8795
5914 377 3031 2243 6024
5918 2677 1220 1132 5062 4984 3601
5919 9663 1741 5682 1743
5921 8784 8783 4012 5297 8782
5925 8407 7315 1198 7314
5926 5332
5928 2839 2835 2828 2826 2853 3739 7753 2830 2843 2837 2833 2846
5929 961 7236 3152 8107 425 6361 364 859 6360 905 1789 8403 3153 6131 2547 2549 8964
5930 6697 4813 2809 1389
5932 5933
5933 5932
5934 7003 7423 7002 1348 9476 6175 8223 7935 5884 171 3094
5937 9140
5938 1998
5939 8577 8534 9202 5940
5940 8577 8534 9202 5939
5942 5944
5943 1692 8369 2308 5947 846 847 2306 5387 1295
5944 5942
5945 4547 910 4934
5947 1692 8369 2308 5943 846 847 2306 5387 1295
5948 6643
5954 2039 1704
5955 9514 9156 436 5782 835 9306 9580
5957 5513
5984 6165 2759 5985 5474
5985 6165 5984 2759 5474
5987 18 17 16 4484 2513 149
5993 5442 4214 1113 1112 2371 7558
6006 1024
6018 9510 9159 5815 9517 9516 9518 4980 9161 9513 5807 9160 9511 9509 9515 9512
6022 6787 1144 1143 1142 909 1140 1138 1139
6024 377 3031 5914 2243
6025 2659 7303 6094
6026 6093 5344 6097
6027 453 4269 454 4008
6029 3208 8690 3731
6030 3209 4958 2990
6031 3420 3554 9072 3800 8174 2643 229
6032 2352 8060
6034 1071
6035 9250
6036 369 368 7812
6040 4748
6042 3886 2012
6043 6970 7590 321
6052 148
6055 650 3066 6059 8679 192
6056 830 6282 6060 2106
6059 650 3066 6055 8679 192
6060 830 6282 6056 2106
6064 3405 6066
6065 4260 5202 8970 3065
6066 3405 6064
6067 6657 6839 6840 1619 6231 1616 6838 4827 8553
6073 3355 7552
6076 9591 150 9440 6166 272 8098
6077 5853 9543 8789 3924 9542 9428 4556 7495 254 5812 9539
6080 9527 4898 5255 8770
6093 5344 6097 6026
6094 2659 7303 6025
6097 6093 5344 6026
6102 7390 4009 677 8366 2172
6104 7377 6105 1336 385
6105 6104 7377 1336 385
6110 7903 277 1899 1266 278 4252
6111 3358 3359 9757 1294
6115 2054 1685 752 7355
6117 4542
6118 2906 1563 2907 3050 1586 1585 9436
6120 3741 6122 6180
6121 46 4896
6122 3741 6120 6180
6123 91 9115
6131 961 7236 3152 8107 425 6361 364 859 6360 905 1789 8403 5929 3153 2547 2549 8964
6133 8576
6135 6136 2970 7439 2971 8575
6136 2970 7439 2971 8575 6135
6137 8999 1445 4952 4055 6323 261 6322
6143 1839
6148 6241 6240 7707 7428
6149 2756 5501 6233
6150 2753 6151
6151 6150 2753
6152 1867 7981 1221 5722 4505 1550 6721
6153 1258 5304 4152 8108 2165 5783 2626 8583 165 3965
6154 4010 1532 1726 9293 234 235 7229
6155 1572
6156 6493
6157 6555 3478 5527 8503 9536 1076
6158 2290 7179 4194 592 3934 1657 4694 8992 36
6159 3012 3011
6161 6238 6176
6163 4787 4788 5327
6164 3767 1051
6165 5984 2759 5985 5474
6166 9591 150 9440 6076 272 8098
6174 2743 7851
6175 7003 7423 7002 5934 1348 9476 8223 7935 5884 171 3094
6176 6161 6238
6177 8074 2737
6178 8619 7122
6180 3741 6122 6120
6185 9745
6186 4393 1317 9261 2665
6187 6540 904
6188 7912 7913
6189 9251
6190 6191
6191 6190
6192 5655 4315 7509
6193 8668 8669 7311
6196 9687
6211 1285 5341 1291
6219 4590
6220 4523 6224
6224 6220 4523
6231 6657 6067 6839 6840 1619 1616 6838 4827 8553
6232 7518 6234 5502
6233 2756 5501 6149
6234 6232 7518 5502
6235 1268 7447 9103 7561 4191 4574
6238 6161 6176
6239 687 1625 2671 688
6240 6241 7707 7428 6148
6241 6240 7707 7428 6148
6246 2118 6882
6250 4325 3875
6256 114
6261 2027 521 2380 8873
6265 831
6268 478 8373 8372 8374 111 4800 3725 805 5314 2819 2580 5828
6269 2070 7589 2082
6271 1602 4335 311 1236 154 6304 9427 620
6272 6273 7914
6273 6272 7914
6274 1177
6275 4466 6622
6277 43 9678 9679 891 4726 553 890 5536 2058 666 4059 2348 8522
6280 4299 4862 8614 6875 2002 4030 6951 3600 2121 8622 3700 3661 1077
6282 830 6060 6056 2106
6285 264 1515 2877 299 2880 2879 2876 2883 2882 2881 2878
6287 1903
6300 6362 3598 4938 3722 3021
6303 4688 491 5881 4669 7031 8589 3595 621 5406 7030 7530 1393 6699
6304 1602 4335 311 6271 1236 154 9427 620
6305 5651 2110 4311
6319 5727
6320 2710 1994 3075 3844
6321 5335 2550 70 3191 5285 5045 5284 6561
6322 8999 1445 4952 4055 6137 6323 261
6323 8999 1445 4952 4055 6137 261 6322
6338 7818 3648 284 3892 1395
6341 6542 8055 2102 28 7110
6343 6356 4190 6712 6355 2517
6344 1441 3085 8491
6345 6346 1956 5119 4370
6346 6345 1956 5119 4370
6355 6356 4190 6712 6343 2517
6356 4190 6712 6355 6343 2517
6357 4959
6360 961 7236 3152 8107 425 6361 364 859 905 1789 8403 5929 3153 6131 2547 2549 8964
6361 961 7236 3152 8107 425 364 859 6360 905 1789 8403 5929 3153 6131 2547 2549 8964
6362 3598 6300 4938 3722 3021
6363 325 4925 8880 8971 2225
6370 720 2619 2613 2616 7941
6371 3448 4127 115 3134 1555
6372 8190 1718 3138
6373 6375 5685 958 6374
6374 6375 5685 6373 958
6375 5685 6373 958 6374
6376 1200
6377 1710 6380 1709
6380 1710 6377 1709
6383 1344
6384 6535
6390 3051 4482
6400 3510
6410 1355
6411 1390
6414 663
6416 2323 2322 6417
6417 2323 2322 6416
6419 8310
6427 6436 6445 6434 6439 6433 5622 6432 6431 5093 6429 6428
6428 6436 6445 6434 6439 6433 5622 6432 6431 5093 6429 6427
6429 6436 6445 6434 6439 6433 5622 6432 6431 5093 6428 6427
6430 4232 4136 4137 4141 4139 3087 5591 1010 1012 2096 8351 4138 1011 8642
6431 6436 6445 6434 6439 6433 5622 6432 5093 6429 6428 6427
6432 6436 6445 6434 6439 6433 5622 6431 5093 6429 6428 6427
6433 6436 6445 6434 6439 5622 6432 6431 5093 6429 6428 6427
6434 6436 6445 6439 6433 5622 6432 6431 5093 6429 6428 6427
6436 6445 6434 6439 6433 5622 6432 6431 5093 6429 6428 6427
6439 6436 6445 6434 6433 5622 6432 6431 5093 6429 6428 6427
6442 2446
6444 1187
6445 6436 6434 6439 6433 5622 6432 6431 5093 6429 6428 6427
6446 8649
6447 1129
6448 6661
6449 1082 6906
6452 4875 4683 9452 1234 1895 1457 2728 5054 3009
6454 5875 7218 6980 399 7219
6455 8542
6459 7022
6460 6461 6465
6461 6460 6465
6464 7536
6465 6460 6461
6486 4201 191
6490 3399 4000 3398 1749 2521
6493 6156
6495 7353 9662 5128 181
6498 2779 6499
6499 6498 2779
6503 5072 7087 5567 6504 622 2227 4436 3740 8635 5071
6504 6503 5072 7087 5567 622 2227 4436 3740 8635 5071
6511 6666 9625 8845
6512 3855
6513 6544
6516 1231 9622 7339 1232 198 199
6519 4399 302 6522
6522 4399 6519 302
6525 1968
6526 2849
6529 3415 2762 4527 4510 1271
6531 8261 8977 9007 5016
6535 6384
6536 5113
6537 80 873 1377 4693 7190 1378 872 8043 8042 9759 3543 3542 9050
6540 6187 904
6541 1722 6834
6542 8055 2102 28 7110 6341
6544 6513
6555 6157 3478 5527 8503 9536 1076
6561 5335 2550 70 3191 6321 5285 5045 5284
6567 4261 6760 6568 8525 1338 164 4389
6568 4261 6760 6567 8525 1338 164 4389
6573 9522 1318
6583 817 5780
6585 7683 1485 8377 129
6588 1254 1253 9760 6590 9244
6589 7897 609 610
6590 1254 6588 1253 9760 9244
6600 9457 5135 6992 877 3279
6601 4234 3404
6602 3295
6605 4036 3212 5479 9258 6608 6606 7184
6606 4036 3212 5479 9258 6608 7184 6605
6608 4036 3212 5479 9258 6606 7184 6605
6609 1243
6616 8617
6617 2650 8654 4007
6622 6275 4466
6625 1521 1209
6635 3861 167 6718 9032
6636 5621
6641 2260
6643 5948
6644 5492 1091 9031 9535
6651 7145 1582 1578
6657 6067 6839 6840 1619 6231 1616 6838 4827 8553
6660 4155
6661 6448
6666 6511 9625 8845
6667 5359 8842
6668 3429 4870 3431
6675 5779
6677 3503 7244 9551 7228 2976 9552 37
6682 4279
6685 4729 4933 4808 8514 291 4632
6693 1103 4108 4107 4109 4104 995
6696 7316 5690 4624 216
6697 5930 4813 2809 1389
6699 4688 491 5881 4669 7031 8589 3595 621 5406 7030 7530 1393 6303
6701 1487 138 1230 2150 8746
6710 1922 1924
6712 6356 4190 6355 6343 2517
6718 3861 6635 167 9032
6721 6152 1867 7981 1221 5722 4505 1550
6727 2247 758 1351
6728 6796
6730 8079 4023 3128 1977 1115 8627 3662 2129 1190 4024 8636 1114 3599 2335 3127
6732 9544 2033 2037 2032 2034 8265 5139 6740
6734 2491 2652 6745 6743 8073 5836 6737
6737 2491 2652 6745 6743 8073 5836 6734
6740 9544 6732 2033 2037 2032 2034 8265 5139
6743 2491 2652 6745 8073 5836 6737 6734
6744 5140
6745 2491 2652 6743 8073 5836 6737 6734
6746 3591 3592 9039
6748 5022 1402 4507 4915
6749 5548
6755 3276 8557 8930
6756 6766 2236 8820
6760 4261 6568 6567 8525 1338 164 4389
6764 6767 8139 6765 3277 8929 4120
6765 6767 8139 6764 3277 8929 4120
6766 6756 2236 8820
6767 8139 6765 6764 3277 8929 4120
6769 5123
6774 8099 2522
6787 1144 1143 1142 909 1140 1138 1139 6022
6793 5038 681 3928 4513 3419 8035 4512
6794 2581 274 2459 273
6796 6728
6803 3776 3790 345 207 2117 344
6820 602 596 882 598 603 599
6821 1265 3689 906 3690
6823 421 5288
6826 5515
6834 1722 6541
6838 6657 6067 6839 6840 1619 6231 1616 4827 8553
6839 6657 6067 6840 1619 6231 1616 6838 4827 8553
6840 6657 6067 6839 1619 6231 1616 6838 4827 8553
6841 9285
6844 1512 5516 4291 709
6848 2381 4240 4695
6851 2746
6859 1827 68 1184 2282 2281 2238 3971 7366
6861 3646 833
6864 6865 7739
6865 7739 6864
6870 7187 9068 9069 2421 9005 1987 6978 2821
6871 3894
6872 7549
6873 1199 3255
6874 5628
6875 4299 4862 8614 6280 2002 4030 6951 3600 2121 8622 3700 3661 1077
6880 3585 3584 8129 3589
6882 6246 2118
6885 7916 740 1538 4567
6886 5631 4565 988
6887 5632 2994 6925 3229 4566
6888 5686
6892 4539 6907 3440 2801 4789
6902 5217 5867
6906 6449 1082
6907 6892 4539 3440 2801 4789
6909 1333 296 1332 1331 2251 5551 2816 2764 2252 2808
6912 9538 5389 218 5390
6914 6916
6916 6914
6920 6921 3181 6954 2638
6921 3181 6954 6920 2638
6925 5632 6887 2994 3229 4566
6935 6936 4744 1594
6936 4744 1594 6935
6943 7291 7564 7298 7301
6944 5311 2433 7025 5294 7024 3701 1897 4951 7176
6945 3891 1631
6946 4659 2232 759
6951 4299 4862 8614 6875 6280 2002 4030 3600 2121 8622 3700 3661 1077
6954 6921 3181 6920 2638
6955 695 6956 2241
6956 695 6955 2241
6958 696 1365 3905 9073 256
6967 275
6970 7590 6043 321
6972 5242 8853 4006 7020 5243 5241
6978 7187 6870 9068 9069 2421 9005 1987 2821
6980 5875 7218 399 6454 7219
6982 1668 1569
6990 4674 7410
6991 3297
6992 9457 6600 5135 877 3279
6996 60
6997 9473 9503 9150 9501 9499 9498 5365 9148 9497 9149 5364 5367 9482
6999 8573
7000 9334 122 1953 1042
7002 7003 7423 5934 1348 9476 6175 8223 7935 5884 171 3094
7003 7423 7002 5934 1348 9476 6175 8223 7935 5884 171 3094
7004 5662
7005 2245 1725 4377 2123
7013 9458
7015 9292
7020 5242 8853 4006 5243 6972 5241
7021 316
7022 6459
7023 7680 8701
7024 5311 6944 2433 7025 5294 3701 1897 4951 7176
7025 5311 6944 2433 5294 7024 3701 1897 4951 7176
7026 1376
7030 4688 491 5881 4669 7031 8589 3595 621 5406 7530 1393 6699 6303
7031 4688 491 5881 4669 8589 3595 621 5406 7030 7530 1393 6699 6303
7033 3185
7034 2957 492 2983 3551 8036 4236 3789 675 2551 679 9450 8755
7046 3342
7047 5188
7048 225 7501 5287 7503 9579 8581
7049 8134 2262 4689 2264 2263 155
7055 8519 9378
7059 2291 2999 2998 2443 2997 5281 2996 5094
7062 2943
7063 9317 5306 118 169
7066 2020
7067 997
7069 47 7972
7070 7071
7071 7070
7074 7273 1593
7075 8595
7076 2383 7077 9615 7079 7081 1728 2597 2215
7077 2383 9615 7079 7081 1728 7076 2597 2215
7079 2383 7077 9615 7081 1728 7076 2597 2215
7081 2383 7077 9615 7079 1728 7076 2597 2215
7086 1849 2829 1850 380 2827 2851 2840 2836 2831 2832 3655 2844 2838 2226 2834 8151
7087 6503 5072 5567 6504 622 2227 4436 3740 8635 5071
7088 7182 7999 7090
7089 2298 2297 3349 1269 924 2296
7090 7182 7999 7088
7101 7283 7290 3150 2989 7672 3149 4437 1340 109 3908 3962 7286 9006 7285 7287 2688
7110 6542 8055 2102 28 6341
7115 9100
7117 665 5825 615 9557 2301 2300
7119 765 2614
7122 6178 8619
7123 2751 7125 7124 4433
7124 7123 2751 7125 4433
7125 7123 2751 7124 4433
7126 1676
7128 1812
7130 1364 5648 2574 2285
7142 3774 7143
7143 3774 7142
7145 1582 1578 6651
7152 1891
7157 7488 4885
7171 1536
7176 5311 6944 2433 7025 5294 7024 3701 1897 4951
7177 772 2761
7178 770 5452
7179 2290 4194 592 6158 3934 1657 4694 8992 36
7182 7999 7090 7088
7184 4036 3212 5479 9258 6608 6606 6605
7187 6870 9068 9069 2421 9005 1987 6978 2821
7190 80 873 1377 4693 1378 872 8043 8042 9759 6537 3543 3542 9050
7192 5070
7193 514 516 1319 515 517
7194 7195
7195 7194
7196 170 2152 3583
7210 1553
7216 7217 7663 8550
7217 7663 8550 7216
7218 5875 6980 399 6454 7219
7219 5875 7218 6980 399 6454
7224 120 119 121 3164 7225
7225 120 119 121 3164 7224
7228 3503 7244 9551 2976 9552 37 6677
7229 4010 1532 1726 9293 234 235 6154
7230 4775
7236 961 3152 8107 425 6361 364 859 6360 905 1789 8403 5929 3153 6131 2547 2549 8964
7237 1830 3017 3375 4628 3016 2258 3374 3370 3371 719 1853 5669 3369 332
7240 1477
7241 3729
7244 3503 9551 7228 2976 9552 37 6677
7252 7898 9106
7253 427 4842
7259 1810
7262 1531 5871 41 40 39
7273 7074 1593
7278 7446
7279 4015
7283 7290 3150 2989 7101 7672 3149 4437 1340 109 3908 3962 7286 9006 7285 7287 2688
7285 7283 7290 3150 2989 7101 7672 3149 4437 1340 109 3908 3962 7286 9006 7287 2688
7286 7283 7290 3150 2989 7101 7672 3149 4437 1340 109 3908 3962 9006 7285 7287 2688
7287 7283 7290 3150 2989 7101 7672 3149 4437 1340 109 3908 3962 7286 9006 7285 2688
7289 836 3015 785 4062
7290 7283 3150 2989 7101 7672 3149 4437 1340 109 3908 3962 7286 9006 7285 7287 2688
7291 7564 6943 7298 7301
7298 7291 7564 6943 7301
7301 7291 7564 6943 7298
7303 2659 6094 6025
7306 7308 269
7308 7306 269
7309 8998 2345 7785 1942
7311 8668 6193 8669
7312 472 473 5555 9582
7314 8407 7315 1198 5925
7315 8407 1198 7314 5925
7316 5690 6696 4624 216
7318 9021
7324 7326 7325 7328
7325 7326 7324 7328
7326 7325 7324 7328
7328 7326 7325 7324
7330 9295 3978 9049
7333 250 1367 226
7334 4250 7620
7338 3822 840
7339 1231 9622 1232 198 199 6516
7345 7918 7450
7351 4474
7352 798 8950 5862 9195 8131
7353 9662 5128 181 6495
7355 2054 1685 752 6115
7356 4670 9093 1415
7358 477
7366 6859 1827 68 1184 2282 2281 2238 3971
7377 6104 6105 1336 385
7388 1164 7389 3350 1583 2744
7389 1164 7388 3350 1583 2744
7390 4009 6102 677 8366 2172
7398 7963 7516 4193
7404 2788 2981
7407 1637
7410 4674 6990
7411 2126 2607 4486
7421 4900 126 1802 130 2453 4907
7423 7003 7002 5934 1348 9476 6175 8223 7935 5884 171 3094
7428 6241 6240 7707 6148
7429 3417
7432 2700 2701 8431
7433 9132 880 5428
7434 9454 1304
7438 784 8711 2284
7439 6136 2970 2971 8575 6135
7443 762
7445 3179 3083 4310
7446 7278
7447 1268 9103 6235 7561 4191 4574
7450 7345 7918
7455 5129
7465 3112 2772 649 5911 3509 8136 8135 3572 8138
7468 3230
7469 3654
7478 5195
7482 4448
7484 8087 173 8805 3814 7486 7485
7485 7484 8087 173 8805 3814 7486
7486 7484 8087 173 8805 3814 7485
7488 7157 4885
7495 5853 9543 8789 3924 9542 9428 4556 254 5812 6077 9539
7496 4878 4880 2600
7497 4879 4877
7498 4038 3061 9661 1544 5041
7499 2662 3853
7501 225 5287 7503 7048 9579 8581
7503 225 7501 5287 7048 9579 8581
7504 7733
7509 5655 4315 6192
7516 7398 7963 4193
7518 6232 6234 5502
7521 45 1165 2621 1523
7523 2794 1917
7524 1921 1912 1913
7526 2747
7529 5178 2676 5177 200 1292 4110
7530 4688 491 5881 4669 7031 8589 3595 621 5406 7030 1393 6699 6303
7531 9442 2144
7536 6464
7549 6872
7550 4440
7551 2686
7552 3355 6073
7556 4195 1100 2606 3798 7837 5641 642
7557 8430 9245
7558 5442 4214 1113 1112 2371 5993
7559 2394
7560 7717 7718
7561 1268 7447 9103 6235 4191 4574
7564 7291 6943 7298 7301
7566 1028
7572 7573
7573 7572
7574 1788 5593 5594
7589 6269 2070 2082
7590 6970 6043 321
7591 4034 5231
7594 7764 5014 892 1854 7773 2742
7595 9489 8499 8384 591
7603 3080
7604 8555 1617
7609 3035 3034 9079 9624 5672 4092 5532 5673
7615 4445
7617 5260 8737 1443 1046
7620 7334 4250
7624 13 12 9781 1150 706 834 1815 9780
7637 1171 5190
7640 3940 3946
7650 3959 2729
7658 2657 1758 2500 506 715 1712
7659 4094 1949
7660 460
7663 7217 8550 7216
7664 4603 7751 5913 8795
7666 7668 244 4434
7668 244 4434 7666
7670 3376 851 9200 4796 3377
7671 1277 9396
7672 7283 7290 3150 2989 7101 3149 4437 1340 109 3908 3962 7286 9006 7285 7287 2688
7673 3196
7680 7023 8701
7683 6585 1485 8377 129
7695 4426 3110
7707 6241 6240 7428 6148
7711 8754
7714 7937
7715 3500 608 4213 9351 1328
7716 3824 1227 4053 410 5245
7717 7560 7718
7718 7717 7560
7721 3018 1937 4224 1860 9241 3019
7732 3873 174 1212 3998
7733 7504
7739 6865 6864
7741 9463
7750 850 5393 2852 83 2558 180 82 137 2716 4743
7751 4603 5913 7664 8795
7752 4170 4014 7983 9422 4329 8047
7753 2839 2835 2828 2826 2853 3739 2830 2843 2837 5928 2833 2846
7758 3483
7759 8753 2523
7762 9065
7764 5014 7594 892 1854 7773 2742
7769 4718 1906
7772 796
7773 7764 5014 7594 892 1854 2742
7777 4811 4812
7785 8998 2345 7309 1942
7802 7803 661
7803 661 7802
7807 251 9172
7812 6036 369 368
7813 1892 4992
7818 3648 284 3892 1395 6338
7819 5726 438
7837 7556 4195 1100 2606 3798 5641 642
7839 582
7841 8854 3532 3533 3534
7851 2743 6174
7875 2203
7884 2041 2375 5494
7885 837
7892 690
7893 7894
7894 7893
7895 7896 9379
7896 7895 9379
7897 609 610 6589
7898 9106 7252
7903 6110 277 1899 1266 278 4252
7907 7909
7909 7907
7912 6188 7913
7913 6188 7912
7914 6272 6273
7915 2960
7916 6885 740 1538 4567
7918 7345 7450
7919 3590
7921 2575
7923 913
7928 9137
7929 2646 2401
7933 7934
7934 7933
7935 7003 7423 7002 5934 1348 9476 6175 8223 5884 171 3094
7937 7714
7941 720 2619 6370 2613 2616
7942 1444
7963 7398 7516 4193
7965 8175 4946 4945
7968 678 4312 9626
7970 768 8667
7972 7069 47
7973 3847 4248 9765 1556
7979 7980 9367
7980 7979 9367
7981 6152 1867 1221 5722 4505 1550 6721
7983 4170 4014 7752 9422 4329 8047
7984 1856 652 651
7990 3567
7992 44 292 7993 5215
7993 44 292 7992 5215
7995 3029 3028 3027 3030 3026 3025 3024
7998 5785 4124
7999 7182 7090 7088
8001 8671 2369 2377 5264 2374
8002 4385 1201 9675 2109
8010 1673 3288
8013 9592
8014 3623
8019 3000 4119 4306 726 4307
8022 8080 2435 8552 15
8024 19 3672
8034 5176 3884
8035 5038 681 3928 4513 3419 6793 4512
8036 2957 492 2983 3551 4236 3789 675 2551 679 9450 7034 8755
8042 80 873 1377 4693 7190 1378 872 8043 9759 6537 3543 3542 9050
8043 80 873 1377 4693 7190 1378 872 8042 9759 6537 3543 3542 9050
8047 4170 4014 7752 7983 9422 4329
8048 2105 653
8055 6542 2102 28 7110 6341
8058 4129 2696 2221
8059 5157
8060 2352 6032
8072 4569
8073 2491 2652 6745 6743 5836 6737 6734
8074 6177 2737
8076 9620 3754 9619 1981 3759 3758 3756 645
8077 2055 3275
8079 4023 3128 1977 1115 8627 3662 2129 1190 4024 8636 6730 1114 3599 2335 3127
8080 2435 8022 8552 15
8087 7484 173 8805 3814 7486 7485
8094 2280 4133 9102
8098 9591 150 9440 6166 6076 272
8099 2522 6774
8101 1663
8102 8106 1601 8104 1599 1598 3039 1267
8103 8524 4636
8104 8106 1601 1599 1598 3039 8102 1267
8106 1601 8104 1599 1598 3039 8102 1267
8107 961 7236 3152 425 6361 364 859 6360 905 1789 8403 5929 3153 6131 2547 2549 8964
8108 1258 5304 6153 4152 2165 5783 2626 8583 165 3965
8109 2452 3838
8111 4011 3343
8126 8128 2023 8127 447 446 8926 8517
8127 8128 2023 447 8126 446 8926 8517
8128 2023 8127 447 8126 446 8926 8517
8129 6880 3585 3584 3589
8131 798 8950 7352 5862 9195
8134 2262 4689 2264 7049 2263 155
8135 3112 2772 649 5911 3509 8136 7465 3572 8138
8136 3112 2772 649 5911 3509 8135 7465 3572 8138
8137 3851
8138 3112 2772 649 5911 3509 8136 8135 7465 3572
8139 6767 6765 6764 3277 8929 4120
8147 4944 9414
8151 1849 2829 1850 7086 380 2827 2851 2840 2836 2831 2832 3655 2844 2838 2226 2834
8159 2588 4897 2584 8410 548 8720
8164 5426
8174 3420 3554 9072 6031 3800 2643 229
8175 4946 4945 7965
8190 1718 3138 6372
8213 4208
8223 7003 7423 7002 5934 1348 9476 6175 7935 5884 171 3094
8253 8691
8260 5372 8962
8261 6531 8977 9007 5016
8265 9544 6732 2033 2037 2032 2034 5139 6740
8268 868
8273 1392 4035 4797 23 4424
8277 5330 5259
8283 4902 9565
8310 6419
8324 4314 4854
8329 8922 2157
8331 5414 4229
8339 401
8348 4809 4083 839
8350 2026 2379 2127 2028
8351 4232 4136 4137 4141 4139 3087 5591 1010 1012 2096 4138 6430 1011 8642
8357 9126
8366 7390 4009 6102 677 2172
8369 1692 2308 5943 5947 846 847 2306 5387 1295
8372 478 8373 8374 111 4800 3725 805 6268 5314 2819 2580 5828
8373 478 8372 8374 111 4800 3725 805 6268 5314 2819 2580 5828
8374 478 8373 8372 111 4800 3725 805 6268 5314 2819 2580 5828
8377 7683 6585 1485 129
8378 3362
8379 4758
8384 9489 7595 8499 591
8393 9016 9192 9190 9191 9548
8394 4627 185
8401 2341
8403 961 7236 3152 8107 425 6361 364 859 6360 905 1789 5929 3153 6131 2547 2549 8964
8407 7315 1198 7314 5925
8410 2588 4897 2584 8159 548 8720
8420 5869
8421 2316 2315 1794 2314 586 2312 1795 2311 5 585 2313
8424 1126 5689
8430 7557 9245
8431 2700 7432 2701
8439 5595 9701
8444 1360 3475
8455 4901
8460 8462 782
8461 1820
8462 782 8460
8463 9020
8485 1755
8488 5692 2014
8489 2782
8491 1441 3085 6344
8499 9489 7595 8384 591
8503 6555 6157 3478 5527 9536 1076
8514 4729 4933 4808 6685 291 4632
8515 1173 4631
8517 8128 2023 8127 447 8126 446 8926
8519 9378 7055
8520 3566
8522 43 9678 9679 891 4726 553 890 6277 5536 2058 666 4059 2348
8524 4636 8103
8525 4261 6760 6568 6567 1338 164 4389
8531 8532
8532 8531
8534 8577 9202 5940 5939
8537 5912
8539 9714
8542 6455
8548 3837
8550 7217 7663 7216
8551 2958
8552 8080 2435 8022 15
8553 6657 6067 6839 6840 1619 6231 1616 6838 4827
8554 5525
8555 7604 1617
8557 3276 8930 6755
8558 1796 9371 1799 2956 4586
8562 790 2771 9 791
8568 2577 463
8573 6999
8575 6136 2970 7439 2971 6135
8576 6133
8577 8534 9202 5940 5939
8578 2709 9239 2534 4301 2533 1133 3968
8581 225 7501 5287 7503 7048 9579
8582 3242 9129 262 8851 3617
8583 1258 5304 6153 4152 8108 2165 5783 2626 165 3965
8585 2933 98 2932 2098 2928
8586 1191 1855 8791
8589 4688 491 5881 4669 7031 3595 621 5406 7030 7530 1393 6699 6303
8595 7075
8614 4299 4862 6875 6280 2002 4030 6951 3600 2121 8622 3700 3661 1077
8617 6616
8619 6178 7122
8622 4299 4862 8614 6875 6280 2002 4030 6951 3600 2121 3700 3661 1077
8627 8079 4023 3128 1977 1115 3662 2129 1190 4024 8636 6730 1114 3599 2335 3127
8635 6503 5072 7087 5567 6504 622 2227 4436 3740 5071
8636 8079 4023 3128 1977 1115 8627 3662 2129 1190 4024 6730 1114 3599 2335 3127
8642 4232 4136 4137 4141 4139 3087 5591 1010 1012 2096 8351 4138 6430 1011
8649 6446
8650 3331
8654 2650 6617 4007
8656 811 1814
8657 9366
8660 4850
8662 5388
8663 842
8667 768 7970
8668 6193 8669 7311
8669 8668 6193 7311
8671 2369 8001 2377 5264 2374
8673 2085
8679 650 3066 6055 6059 192
8690 6029 3208 3731
8691 8253
8701 7023 7680
8707 2612 3568
8710 3148 3079 3284 3151 3144 3283 3007 205 206 3285 2752 3145 2462 419 3147 8963 3146
8711 784 7438 2284
8720 2588 4897 2584 8159 8410 548
8721 8722
8722 8721
8723 5493 9547 4464 5526 3479 9534 4158 3489
8729 1957 3037
8734 8954 8952 8953 2900 869
8737 5260 7617 1443 1046
8746 1487 138 6701 1230 2150
8749 1995 5019
8750 3750 2825
8753 2523 7759
8754 7711
8755 2957 492 2983 3551 8036 4236 3789 675 2551 679 9450 7034
8764 9044
8770 9527 4898 5255 6080
8782 8784 8783 4012 5297 5921
8783 8784 4012 5297 5921 8782
8784 8783 4012 5297 5921 8782
8789 5853 9543 3924 9542 9428 4556 7495 254 5812 6077 9539
8791 1191 1855 8586
8795 4603 7751 5913 7664
8805 7484 8087 173 3814 7486 7485
8806 3668 3515 4485 3665
8820 6766 6756 2236
8835 625 626 8836 4257
8836 8835 625 626 4257
8837 1738 2631 1742 3656 1065 8838
8838 1738 2631 1742 3656 1065 8837
8842 6667 5359
8843 2268 3400 1750 2265
8845 6511 6666 9625
8846 1716 4994 4991 1278
8847 9219 3688
8851 3242 9129 262 8582 3617
8853 5242 4006 7020 5243 6972 5241
8854 7841 3532 3533 3534
8873 2027 521 2380 6261
8875 1075
8876 1708 9018
8880 325 4925 8971 6363 2225
8892 8893 294
8893 294 8892
8897 2224 4413 1694 3137 1226 423 5246
8900 595 4412 4382 4381 4379
8901 482
8911 1567 8912 8915
8912 1567 8911 8915
8915 1567 8912 8911
8916 5826 1565
8918 3299 3300
8922 8329 2157
8923 3427 8924 8925
8924 3427 8925 8923
8925 3427 8924 8923
8926 8128 2023 8127 447 8126 446 8517
8929 6767 8139 6765 6764 3277 4120
8930 3276 8557 6755
8932 1756
8937 8938
8938 8937
8950 798 7352 5862 9195 8131
8952 8954 8953 2900 869 8734
8953 8954 8952 2900 869 8734
8954 8952 8953 2900 869 8734
8962 8260 5372
8963 3148 3079 3284 3151 3144 3283 3007 205 206 3285 2752 3145 2462 8710 419 3147 3146
8964 961 7236 3152 8107 425 6361 364 859 6360 905 1789 8403 5929 3153 6131 2547 2549
8970 4260 6065 5202 3065
8971 325 4925 8880 6363 2225
8977 8261 6531 9007 5016
8983 8984
8984 8983
8989 2555 4873
8991 9743 4745
8992 2290 7179 4194 592 6158 3934 1657 4694 36
8996 686
8998 2345 7785 7309 1942
8999 1445 4952 4055 6137 6323 261 6322
9005 7187 6870 9068 9069 2421 1987 6978 2821
9006 7283 7290 3150 2989 7101 7672 3149 4437 1340 109 3908 3962 7286 7285 7287 2688
9007 8261 6531 8977 5016
9016 9192 9190 9191 8393 9548
9018 1708 8876
9020 8463
9021 7318
9023 5667
9026 3057 2941 1357
9027 370
9030 922 967
9031 5492 1091 6644 9535
9032 3861 6635 167 6718
9039 3591 6746 3592
9044 8764
9049 7330 9295 3978
9050 80 873 1377 4693 7190 1378 872 8043 8042 9759 6537 3543 3542
9051 96 3821
9065 7762
9068 7187 6870 9069 2421 9005 1987 6978 2821
9069 7187 6870 9068 2421 9005 1987 6978 2821
9072 3420 3554 6031 3800 8174 2643 229
9073 696 6958 1365 3905 256
9079 3035 3034 9624 7609 5672 4092 5532 5673
9084 2813
9093 4670 1415 7356
9098 3274 3272 3049 1642 2925 1418 4914
9100 7115
9102 8094 2280 4133
9103 1268 7447 6235 7561 4191 4574
9106 7898 7252
9107 1650 930
9115 91 6123
9122 9259
9126 8357
9129 3242 262 8851 8582 3617
9132 7433 880 5428
9136 4177
9137 7928
9140 5937
9144 2351 4578 1052
9148 9473 9503 9150 9501 9499 6997 9498 5365 9497 9149 5364 5367 9482
9149 9473 9503 9150 9501 9499 6997 9498 5365 9148 9497 5364 5367 9482
9150 9473 9503 9501 9499 6997 9498 5365 9148 9497 9149 5364 5367 9482
9156 5955 9514 436 5782 835 9306 9580
9157 4614 4615
9159 9510 5815 9517 9516 9518 4980 9161 9513 5807 9160 9511 9509 6018 9515 9512
9160 9510 9159 5815 9517 9516 9518 4980 9161 9513 5807 9511 9509 6018 9515 9512
9161 9510 9159 5815 9517 9516 9518 4980 9513 5807 9160 9511 9509 6018 9515 9512
9172 251 7807
9188 9763
9190 9016 9192 9191 8393 9548
9191 9016 9192 9190 8393 9548
9192 9016 9190 9191 8393 9548
9195 798 8950 7352 5862 8131
9197 1967
9199 3581
9200 3376 851 7670 4796 3377
9201 3658 3117
9202 8577 8534 5940 5939
9217 3385 3387 1835 3541 3383 1857 1600 3384 3379 3386 3760 1831 3381
9219 3688 8847
9239 2709 2534 4301 2533 8578 1133 3968
9241 3018 1937 7721 4224 1860 3019
9242 2615
9244 1254 6588 1253 9760 6590
9245 7557 8430
9249 1359
9250 6035
9251 6189
9258 4036 3212 5479 6608 6606 7184 6605
9259 9122
9261 4393 1317 2665 6186
9284 5342
9285 6841
9292 7015
9293 4010 1532 1726 234 235 6154 7229
9295 7330 3978 9049
9303 1638
9306 5955 9514 9156 436 5782 835 9580
9317 5306 7063 118 169
9327 2861 2859 2860
9332 2463 2343 3660 201
9334 122 1953 7000 1042
9351 3500 7715 608 4213 1328
9366 8657
9367 7980 7979
9371 1796 1799 2956 4586 8558
9374 4895
9375 1134 1618 3081
9378 8519 7055
9379 7895 7896
9386 9716 4283 4282 9715 4281
9390 5723
9392 1257 3846 5801 5131 1951 716
9393 4852 9764
9394 5396 212 211
9396 1277 7671
9405 4650 4339
9408 1768 3574
9409 5621
9412 2823 3766 2824
9414 8147 4944
9418 9519 2292 968
9421 5576
9422 4170 4014 7752 7983 4329 8047
9427 1602 4335 311 6271 1236 154 6304 620
9428 5853 9543 8789 3924 9542 4556 7495 254 5812 6077 9539
9436 6118 2906 1563 2907 3050 1586 1585
9440 9591 150 6166 6076 272 8098
9442 2144 7531
9445 9664
9450 2957 492 2983 3551 8036 4236 3789 675 2551 679 7034 8755
9452 6452 4875 4683 1234 1895 1457 2728 5054 3009
9454 7434 1304
9456 4822
9457 6600 5135 6992 877 3279
9458 7013
9461 4971
9462 2942
9463 7741
9464 2086
9467 4583 4584 4580 2569 2405 4581 3256 4585
9469 2707 1326
9470 4974
9473 9503 9150 9501 9499 6997 9498 5365 9148 9497 9149 5364 5367 9482
9476 7003 7423 7002 5934 1348 6175 8223 7935 5884 171 3094
9482 9473 9503 9150 9501 9499 6997 9498 5365 9148 9497 9149 5364 5367
9489 7595 8499 8384 591
9496 5885 1045
9497 9473 9503 9150 9501 9499 6997 9498 5365 9148 9149 5364 5367 9482
9498 9473 9503 9150 9501 9499 6997 5365 9148 9497 9149 5364 5367 9482
9499 9473 9503 9150 9501 6997 9498 5365 9148 9497 9149 5364 5367 9482
9501 9473 9503 9150 9499 6997 9498 5365 9148 9497 9149 5364 5367 9482
9503 9473 9150 9501 9499 6997 9498 5365 9148 9497 9149 5364 5367 9482
9509 9510 9159 5815 9517 9516 9518 4980 9161 9513 5807 9160 9511 6018 9515 9512
9510 9159 5815 9517 9516 9518 4980 9161 9513 5807 9160 9511 9509 6018 9515 9512
9511 9510 9159 5815 9517 9516 9518 4980 9161 9513 5807 9160 9509 6018 9515 9512
9512 9510 9159 5815 9517 9516 9518 4980 9161 9513 5807 9160 9511 9509 6018 9515
9513 9510 9159 5815 9517 9516 9518 4980 9161 5807 9160 9511 9509 6018 9515 9512
9514 5955 9156 436 5782 835 9306 9580
9515 9510 9159 5815 9517 9516 9518 4980 9161 9513 5807 9160 9511 9509 6018 9512
9516 9510 9159 5815 9517 9518 4980 9161 9513 5807 9160 9511 9509 6018 9515 9512
9517 9510 9159 5815 9516 9518 4980 9161 9513 5807 9160 9511 9509 6018 9515 9512
9518 9510 9159 5815 9517 9516 4980 9161 9513 5807 9160 9511 9509 6018 9515 9512
9519 2292 9418 968
9520 9521
9521 9520
9522 6573 1318
9527 4898 5255 8770 6080
9534 5493 9547 4464 5526 8723 3479 4158 3489
9535 5492 1091 9031 6644
9536 6555 6157 3478 5527 8503 1076
9538 5389 218 5390 6912
9539 5853 9543 8789 3924 9542 9428 4556 7495 254 5812 6077
9540 4853 9541
9541 9540 4853
9542 5853 9543 8789 3924 9428 4556 7495 254 5812 6077 9539
9543 5853 8789 3924 9542 9428 4556 7495 254 5812 6077 9539
9544 6732 2033 2037 2032 2034 8265 5139 6740
9547 5493 4464 5526 8723 3479 9534 4158 3489
9548 9016 9192 9190 9191 8393
9550 5189
9551 3503 7244 7228 2976 9552 37 6677
9552 3503 7244 9551 7228 2976 37 6677
9557 665 5825 615 2301 7117 2300
9564 9566
9565 4902 8283
9566 9564
9572 4095
9579 225 7501 5287 7503 7048 8581
9580 5955 9514 9156 436 5782 835 9306
9582 472 473 5555 7312
9591 150 9440 6166 6076 272 8098
9592 8013
9608 3893
9615 2383 7077 7079 7081 1728 7076 2597 2215
9616 1137 1535 1828
9619 8076 9620 3754 1981 3759 3758 3756 645
9620 8076 3754 9619 1981 3759 3758 3756 645
9622 1231 7339 1232 198 199 6516
9624 3035 3034 9079 7609 5672 4092 5532 5673
9625 6511 6666 8845
9626 678 4312 7968
9627 5693 1037
9635 5386 1222 5087 1223
9640 4443
9651 3111
9661 7498 4038 3061 1544 5041
9662 7353 5128 181 6495
9663 1741 5919 5682 1743
9664 9445
9665 1667 2406 2407 3651 2317
9675 4385 8002 1201 2109
9678 43 9679 891 4726 553 890 6277 5536 2058 666 4059 2348 8522
9679 43 9678 891 4726 553 890 6277 5536 2058 666 4059 2348 8522
9680 400 4516
9684 5645 5425
9687 6196
9700 3063
9701 8439 5595
9710 1784
9714 8539
9715 9386 9716 4283 4282 4281
9716 9386 4283 4282 9715 4281
9743 4745 8991
9744 5025
9745 6185
9757 6111 3358 3359 1294
9759 80 873 1377 4693 7190 1378 872 8043 8042 6537 3543 3542 9050
9760 1254 6588 1253 6590 9244
9763 9188
9764 4852 9393
9765 3847 4248 1556 7973
9774 5320
9776 5674 9777 9778
9777 5674 9778 9776
9778 5674 9777 9776
9780 13 12 7624 9781 1150 706 834 1815
9781 13 12 7624 1150 706 834 1815 9780
9783 4100 366 3447 365 1206 5092
9788 2376 281 2610 1751 1009
